28.027	-83.39	951.84
27.973	-83.278	951.36
27.919	-83.166	950.87
27.865	-83.054	950.39
27.811	-82.943	949.9
27.757	-82.831	949.42
27.703	-82.719	948.94
27.649	-82.607	948.45
27.595	-82.496	947.97
27.541	-82.384	947.48
27.487	-82.272	947
27.433	-82.16	946.51
27.379	-82.049	946.03
27.325	-81.937	945.55
27.271	-81.825	945.06
27.217	-81.713	944.58
27.163	-81.602	944.09
27.109	-81.49	943.61
27.055	-81.378	943.12
27.001	-81.267	942.64
26.947	-81.155	942.16
26.893	-81.043	941.67
26.839	-80.931	941.19
26.785	-80.82	940.7
26.731	-80.708	940.22
26.677	-80.596	939.73
26.623	-80.484	939.25
26.569	-80.373	938.76
26.515	-80.261	938.28
26.461	-80.149	937.8
26.407	-80.037	937.31
26.353	-79.926	936.83
26.299	-79.814	936.34
26.245	-79.702	935.86
26.192	-79.59	935.37
26.138	-79.479	934.89
26.084	-79.367	934.41
26.03	-79.255	933.92
25.976	-79.143	933.44
25.922	-79.032	932.95
25.868	-78.92	932.47
25.814	-78.808	931.98
25.76	-78.696	931.5
25.706	-78.585	931.01
25.652	-78.473	930.53
25.598	-78.361	930.05
25.544	-78.25	929.56
25.49	-78.138	929.08
25.436	-78.026	928.59
25.382	-77.914	928.11
25.328	-77.803	927.62
25.274	-77.691	927.14
25.22	-77.579	926.66
25.166	-77.467	926.17
25.112	-77.356	925.69
25.058	-77.244	925.2
25.004	-77.132	924.72
24.95	-77.02	924.23
24.896	-76.909	923.75
24.842	-76.797	923.27
24.788	-76.685	922.78
24.734	-76.573	922.3
24.68	-76.462	921.81
24.626	-76.35	921.33
24.572	-76.238	920.84
24.518	-76.126	920.36
24.464	-76.015	919.87
24.41	-75.903	919.39
24.357	-75.791	918.91
24.303	-75.679	918.42
24.249	-75.568	917.94
24.195	-75.456	917.45
24.141	-75.344	916.97
24.087	-75.233	916.48
24.033	-75.121	916
23.979	-75.009	915.52
23.925	-74.897	915.03
23.871	-74.786	914.55
23.817	-74.674	914.06
23.763	-74.562	913.58
23.709	-74.45	913.09
23.655	-74.339	912.61
23.601	-74.227	912.13
23.547	-74.115	911.64
23.493	-74.003	911.16
23.439	-73.892	910.67
23.385	-73.78	910.19
23.331	-73.668	909.7
23.277	-73.556	909.22
23.223	-73.445	908.73
23.169	-73.333	908.25
23.115	-73.221	907.77
23.061	-73.109	907.28
23.007	-72.998	906.8
22.953	-72.886	906.31
22.899	-72.774	905.83
22.845	-72.662	905.34
22.791	-72.551	904.86
22.737	-72.439	904.38
22.683	-72.327	903.89
22.629	-72.216	903.41
22.575	-72.104	902.92
22.522	-71.992	902.44
22.468	-71.88	901.95
22.414	-71.769	901.47
22.36	-71.657	900.98
22.306	-71.545	900.5
22.252	-71.433	900.02
22.198	-71.322	899.53
22.144	-71.21	899.05
22.09	-71.098	898.56
22.036	-70.986	898.08
21.982	-70.875	897.59
21.928	-70.763	897.11
21.874	-70.651	896.63
21.82	-70.539	896.14
21.766	-70.428	895.66
21.712	-70.316	895.17
21.658	-70.204	894.69
21.604	-70.092	894.2
21.55	-69.981	893.72
21.496	-69.869	893.24
21.442	-69.757	892.75
21.388	-69.645	892.27
21.334	-69.534	891.78
21.28	-69.422	891.3
21.226	-69.31	890.81
21.172	-69.199	890.33
21.118	-69.087	889.84
21.064	-68.975	889.36
21.01	-68.863	888.88
20.956	-68.752	888.39
20.902	-68.64	887.91
20.848	-68.528	887.42
20.794	-68.416	886.94
20.74	-68.305	886.45
20.687	-68.193	885.97
20.633	-68.081	885.49
20.579	-67.969	885
20.525	-67.858	884.52
20.471	-67.746	884.03
20.417	-67.634	883.55
20.363	-67.522	883.06
20.309	-67.411	882.58
20.255	-67.299	882.09
20.201	-67.187	881.61
20.147	-67.075	881.13
20.093	-66.964	880.64
20.039	-66.852	880.16
19.985	-66.74	879.67
19.931	-66.628	879.19
19.877	-66.517	878.7
19.823	-66.405	878.22
19.769	-66.293	877.74
19.715	-66.182	877.25
19.661	-66.07	876.77
19.607	-65.958	876.28
19.553	-65.846	875.8
19.499	-65.735	875.31
19.445	-65.623	874.83
19.391	-65.511	874.35
19.337	-65.399	873.86
19.283	-65.288	873.38
19.229	-65.176	872.89
19.175	-65.064	872.41
19.121	-64.952	871.92
19.067	-64.841	871.44
19.013	-64.729	870.95
18.959	-64.617	870.47
18.905	-64.505	869.99
18.852	-64.394	869.5
18.798	-64.282	869.02
18.744	-64.17	868.53
18.69	-64.058	868.05
18.636	-63.947	867.56
18.582	-63.835	867.08
18.528	-63.723	866.6
18.474	-63.611	866.11
18.42	-63.5	865.63
18.366	-63.388	865.14
18.312	-63.276	864.66
18.258	-63.165	864.17
18.204	-63.053	863.69
18.15	-62.941	863.21
18.096	-62.829	862.72
18.042	-62.718	862.24
17.988	-62.606	861.75
17.934	-62.494	861.27
17.88	-62.382	860.78
17.826	-62.271	860.3
17.772	-62.159	859.81
17.718	-62.047	859.33
17.664	-61.935	858.85
17.61	-61.824	858.36
17.556	-61.712	857.88
17.502	-61.6	857.39
17.448	-61.488	856.91
17.394	-61.377	856.42
17.34	-61.265	855.94
17.286	-61.153	855.46
17.232	-61.041	854.97
17.178	-60.93	854.49
17.124	-60.818	854
17.07	-60.706	853.52
17.017	-60.594	853.03
16.963	-60.483	852.55
16.909	-60.371	852.06
16.855	-60.259	851.58
16.801	-60.148	851.1
16.747	-60.036	850.61
16.693	-59.924	850.13
16.639	-59.812	849.64
16.585	-59.701	849.16
16.531	-59.589	848.67
16.477	-59.477	848.19
16.423	-59.365	847.71
16.369	-59.254	847.22
16.315	-59.142	846.74
16.261	-59.03	846.25
16.207	-58.918	845.77
16.153	-58.807	845.28
16.099	-58.695	844.8
16.045	-58.583	844.32
15.991	-58.471	843.83
15.937	-58.36	843.35
15.883	-58.248	842.86
15.829	-58.136	842.38
15.775	-58.024	841.89
15.721	-57.913	841.41
15.667	-57.801	840.92
15.613	-57.689	840.44
15.559	-57.577	839.96
15.505	-57.466	839.47
15.451	-57.354	838.99
15.397	-57.242	838.5
15.343	-57.131	838.02
15.289	-57.019	837.53
15.235	-56.907	837.05
15.182	-56.795	836.57
15.128	-56.684	836.08
15.074	-56.572	835.6
15.02	-56.46	835.11
14.966	-56.348	834.63
14.912	-56.237	834.14
14.858	-56.125	833.66
14.804	-56.013	833.17
14.75	-55.901	832.69
14.696	-55.79	832.21
14.642	-55.678	831.72
14.588	-55.566	831.24
14.534	-55.454	830.75
14.48	-55.343	830.27
14.426	-55.231	829.78
14.372	-55.119	829.3
14.318	-55.007	828.82
14.264	-54.896	828.33
14.21	-54.784	827.85
14.156	-54.672	827.36
14.102	-54.56	826.88
14.048	-54.449	826.39
13.994	-54.337	825.91
13.94	-54.225	825.43
13.886	-54.114	824.94
13.832	-54.002	824.46
13.778	-53.89	823.97
13.724	-53.778	823.49
13.67	-53.667	823
13.616	-53.555	822.52
13.562	-53.443	822.03
13.508	-53.331	821.55
13.454	-53.22	821.07
13.4	-53.108	820.58
13.347	-52.996	820.1
13.293	-52.884	819.61
13.239	-52.773	819.13
13.185	-52.661	818.64
13.131	-52.549	818.16
13.077	-52.437	817.68
13.023	-52.326	817.19
12.969	-52.214	816.71
12.915	-52.102	816.22
12.861	-51.99	815.74
12.807	-51.879	815.25
12.753	-51.767	814.77
12.699	-51.655	814.29
12.645	-51.543	813.8
12.591	-51.432	813.32
12.537	-51.32	812.83
12.483	-51.208	812.35
12.429	-51.097	811.86
12.375	-50.985	811.38
12.321	-50.873	810.89
12.267	-50.761	810.41
12.213	-50.65	809.93
12.159	-50.538	809.44
12.105	-50.426	808.96
12.051	-50.314	808.47
11.997	-50.203	807.99
11.943	-50.091	807.5
11.889	-49.979	807.02
11.835	-49.867	806.54
11.781	-49.756	806.05
11.727	-49.644	805.57
11.673	-49.532	805.08
11.619	-49.42	804.6
11.565	-49.309	804.11
11.512	-49.197	803.63
11.458	-49.085	803.14
11.404	-48.973	802.66
11.35	-48.862	802.18
11.296	-48.75	801.69
11.242	-48.638	801.21
11.188	-48.526	800.72
11.134	-48.415	800.24
11.08	-48.303	799.75
11.026	-48.191	799.27
10.972	-48.08	798.79
10.918	-47.968	798.3
10.864	-47.856	797.82
10.81	-47.744	797.33
10.756	-47.633	796.85
10.702	-47.521	796.36
10.648	-47.409	795.88
10.594	-47.297	795.4
10.54	-47.186	794.91
10.486	-47.074	794.43
10.432	-46.962	793.94
10.378	-46.85	793.46
10.324	-46.739	792.97
10.27	-46.627	792.49
10.216	-46.515	792
10.162	-46.403	791.52
10.108	-46.292	791.04
10.054	-46.18	790.55
10	-46.068	790.07
9.9464	-45.956	789.58
9.8924	-45.845	789.1
9.8384	-45.733	788.61
9.7845	-45.621	788.13
9.7305	-45.509	787.65
9.6765	-45.398	787.16
9.6226	-45.286	786.68
9.5686	-45.174	786.19
9.5146	-45.063	785.71
9.4606	-44.951	785.22
9.4067	-44.839	784.74
9.3527	-44.727	784.25
9.2987	-44.616	783.77
9.2448	-44.504	783.29
9.1908	-44.392	782.8
9.1368	-44.28	782.32
9.0828	-44.169	781.83
9.0289	-44.057	781.35
8.9749	-43.945	780.86
8.9209	-43.833	780.38
8.867	-43.722	779.9
8.813	-43.61	779.41
8.759	-43.498	778.93
8.7051	-43.386	778.44
8.6511	-43.275	777.96
8.5971	-43.163	777.47
8.5431	-43.051	776.99
8.4892	-42.939	776.51
8.4352	-42.828	776.02
8.3812	-42.716	775.54
8.3273	-42.604	775.05
8.2733	-42.492	774.57
8.2193	-42.381	774.08
8.1653	-42.269	773.6
8.1114	-42.157	773.11
8.0574	-42.046	772.63
8.0034	-41.934	772.15
7.9495	-41.822	771.66
7.8955	-41.71	771.18
7.8415	-41.599	770.69
7.7876	-41.487	770.21
7.7336	-41.375	769.72
7.6796	-41.263	769.24
7.6256	-41.152	768.76
7.5717	-41.04	768.27
7.5177	-40.928	767.79
7.4637	-40.816	767.3
7.4098	-40.705	766.82
7.3558	-40.593	766.33
7.3018	-40.481	765.85
7.2478	-40.369	765.37
7.1939	-40.258	764.88
7.1399	-40.146	764.4
7.0859	-40.034	763.91
7.032	-39.922	763.43
6.978	-39.811	762.94
6.924	-39.699	762.46
6.8701	-39.587	761.97
6.8161	-39.475	761.49
6.7621	-39.364	761.01
6.7081	-39.252	760.52
6.6542	-39.14	760.04
6.6002	-39.029	759.55
6.5462	-38.917	759.07
6.4923	-38.805	758.58
6.4383	-38.693	758.1
6.3843	-38.582	757.62
6.3303	-38.47	757.13
6.2764	-38.358	756.65
6.2224	-38.246	756.16
6.1684	-38.135	755.68
6.1145	-38.023	755.19
6.0605	-37.911	754.71
6.0065	-37.799	754.22
5.9526	-37.688	753.74
5.8986	-37.576	753.26
5.8446	-37.464	752.77
5.7906	-37.352	752.29
5.7367	-37.241	751.8
5.6827	-37.129	751.32
5.6287	-37.017	750.83
5.5748	-36.905	750.35
5.5208	-36.794	749.87
5.4668	-36.682	749.38
5.4128	-36.57	748.9
5.3589	-36.458	748.41
5.3049	-36.347	747.93
5.2509	-36.235	747.44
5.197	-36.123	746.96
5.143	-36.012	746.48
5.089	-35.9	745.99
5.0351	-35.788	745.51
4.9811	-35.676	745.02
4.9271	-35.565	744.54
4.8731	-35.453	744.05
4.8192	-35.341	743.57
4.7652	-35.229	743.08
4.7112	-35.118	742.6
4.6573	-35.006	742.12
4.6033	-34.894	741.63
4.5493	-34.782	741.15
4.4953	-34.671	740.66
4.4414	-34.559	740.18
4.3874	-34.447	739.69
4.3334	-34.335	739.21
4.2795	-34.224	738.73
4.2255	-34.112	738.24
4.1715	-34	737.76
4.1176	-33.888	737.27
4.0636	-33.777	736.79
4.0096	-33.665	736.3
3.9556	-33.553	735.82
3.9017	-33.441	735.33
3.8477	-33.33	734.85
3.7937	-33.218	734.37
3.7398	-33.106	733.88
3.6858	-32.995	733.4
3.6318	-32.883	732.91
3.5778	-32.771	732.43
3.5239	-32.659	731.94
3.4699	-32.548	731.46
3.4159	-32.436	730.98
3.362	-32.324	730.49
3.308	-32.212	730.01
3.254	-32.101	729.52
3.2001	-31.989	729.04
3.1461	-31.877	728.55
3.0921	-31.765	728.07
3.0381	-31.654	727.59
2.9842	-31.542	727.1
2.9302	-31.43	726.62
2.8762	-31.318	726.13
2.8223	-31.207	725.65
2.7683	-31.095	725.16
2.7143	-30.983	724.68
2.6603	-30.871	724.19
2.6064	-30.76	723.71
2.5524	-30.648	723.23
2.4984	-30.536	722.74
2.4445	-30.424	722.26
2.3905	-30.313	721.77
2.3365	-30.201	721.29
2.2826	-30.089	720.8
2.2286	-29.978	720.32
2.1746	-29.866	719.84
2.1206	-29.754	719.35
2.0667	-29.642	718.87
2.0127	-29.531	718.38
1.9587	-29.419	717.9
1.9048	-29.307	717.41
1.8508	-29.195	716.93
1.7968	-29.084	716.45
1.7428	-28.972	715.96
1.6889	-28.86	715.48
1.6349	-28.748	714.99
1.5809	-28.637	714.51
1.527	-28.525	714.02
1.473	-28.413	713.54
1.419	-28.301	713.05
1.3651	-28.19	712.57
1.3111	-28.078	712.09
1.2571	-27.966	711.6
1.2031	-27.854	711.12
1.1492	-27.743	710.63
1.0952	-27.631	710.15
1.0412	-27.519	709.66
0.98726	-27.407	709.18
0.93329	-27.296	708.7
0.87932	-27.184	708.21
0.82535	-27.072	707.73
0.77138	-26.961	707.24
0.71741	-26.849	706.76
0.66344	-26.737	706.27
0.60947	-26.625	705.79
0.5555	-26.514	705.3
0.50153	-26.402	704.82
0.44756	-26.29	704.34
0.39359	-26.178	703.85
0.33962	-26.067	703.37
0.28564	-25.955	702.88
0.23167	-25.843	702.4
0.1777	-25.731	701.91
0.12373	-25.62	701.43
0.069762	-25.508	700.95
0.015792	-25.396	700.46
-0.038179	-25.284	699.98
-0.092149	-25.173	699.49
-0.14612	-25.061	699.01
-0.20009	-24.949	698.52
-0.25406	-24.837	698.04
-0.30803	-24.726	697.56
-0.362	-24.614	697.07
-0.41597	-24.502	696.59
-0.46994	-24.39	696.1
-0.52391	-24.279	695.62
-0.57788	-24.167	695.13
-0.63186	-24.055	694.65
-0.68583	-23.944	694.16
-0.7398	-23.832	693.68
-0.79377	-23.72	693.2
-0.84774	-23.608	692.71
-0.90171	-23.497	692.23
-0.95568	-23.385	691.74
-1.0096	-23.273	691.26
-1.0636	-23.161	690.77
-1.1176	-23.05	690.29
-1.1716	-22.938	689.81
-1.2255	-22.826	689.32
-1.2795	-22.714	688.84
-1.3335	-22.603	688.35
-1.3874	-22.491	687.87
-1.4414	-22.379	687.38
-1.4954	-22.267	686.9
-1.5494	-22.156	686.41
-1.6033	-22.044	685.93
-1.6573	-21.932	685.45
-1.7113	-21.82	684.96
-1.7652	-21.709	684.48
-1.8192	-21.597	683.99
-1.8732	-21.485	683.51
-1.9271	-21.373	683.02
-1.9811	-21.262	682.54
-2.0351	-21.15	682.06
-2.0891	-21.038	681.57
-2.143	-20.927	681.09
-2.197	-20.815	680.6
-2.251	-20.703	680.12
-2.3049	-20.591	679.63
-2.3589	-20.48	679.15
-2.4129	-20.368	678.67
-2.4669	-20.256	678.18
-2.5208	-20.144	677.7
-2.5748	-20.033	677.21
-2.6288	-19.921	676.73
-2.6827	-19.809	676.24
-2.7367	-19.697	675.76
-2.7907	-19.586	675.27
-2.8446	-19.474	674.79
-2.8986	-19.362	674.31
-2.9526	-19.25	673.82
-3.0066	-19.139	673.34
-3.0605	-19.027	672.85
-3.1145	-18.915	672.37
-3.1685	-18.803	671.88
-3.2224	-18.692	671.4
-3.2764	-18.58	670.92
-3.3304	-18.468	670.43
-3.3844	-18.356	669.95
-3.4383	-18.245	669.46
-3.4923	-18.133	668.98
-3.5463	-18.021	668.49
-3.6002	-17.91	668.01
-3.6542	-17.798	667.53
-3.7082	-17.686	667.04
-3.7621	-17.574	666.56
-3.8161	-17.463	666.07
-3.8701	-17.351	665.59
-3.9241	-17.239	665.1
-3.978	-17.127	664.62
-4.032	-17.016	664.13
-4.086	-16.904	663.65
-4.1399	-16.792	663.17
-4.1939	-16.68	662.68
-4.2479	-16.569	662.2
-4.3019	-16.457	661.71
-4.3558	-16.345	661.23
-4.4098	-16.233	660.74
-4.4638	-16.122	660.26
-4.5177	-16.01	659.78
-4.5717	-15.898	659.29
-4.6257	-15.786	658.81
-4.6796	-15.675	658.32
-4.7336	-15.563	657.84
-4.7876	-15.451	657.35
-4.8416	-15.339	656.87
-4.8955	-15.228	656.38
-4.9495	-15.116	655.9
-5.0035	-15.004	655.42
-5.0574	-14.893	654.93
-5.1114	-14.781	654.45
-5.1654	-14.669	653.96
-5.2194	-14.557	653.48
-5.2733	-14.446	652.99
-5.3273	-14.334	652.51
-5.3813	-14.222	652.03
-5.4352	-14.11	651.54
-5.4892	-13.999	651.06
-5.5432	-13.887	650.57
-5.5971	-13.775	650.09
-5.6511	-13.663	649.6
-5.7051	-13.552	649.12
-5.7591	-13.44	648.64
-5.813	-13.328	648.15
-5.867	-13.216	647.67
-5.921	-13.105	647.18
-5.9749	-12.993	646.7
-6.0289	-12.881	646.21
-6.0829	-12.769	645.73
-6.1369	-12.658	645.24
-6.1908	-12.546	644.76
-6.2448	-12.434	644.28
-6.2988	-12.322	643.79
-6.3527	-12.211	643.31
-6.4067	-12.099	642.82
-6.4607	-11.987	642.34
-6.5146	-11.876	641.85
-6.5686	-11.764	641.37
-6.6226	-11.652	640.89
-6.6766	-11.54	640.4
-6.7305	-11.429	639.92
-6.7845	-11.317	639.43
-6.8385	-11.205	638.95
-6.8924	-11.093	638.46
-6.9464	-10.982	637.98
-7.0004	-10.87	637.49
-7.0544	-10.758	637.01
-7.1083	-10.646	636.53
-7.1623	-10.535	636.04
-7.2163	-10.423	635.56
-7.2702	-10.311	635.07
-7.3242	-10.199	634.59
-7.3782	-10.088	634.1
-7.4321	-9.9759	633.62
-7.4861	-9.8642	633.14
-7.5401	-9.7524	632.65
-7.5941	-9.6407	632.17
-7.648	-9.529	631.68
-7.702	-9.4172	631.2
-7.756	-9.3055	630.71
-7.8099	-9.1937	630.23
-7.8639	-9.082	629.75
-7.9179	-8.9703	629.26
-7.9719	-8.8585	628.78
-8.0258	-8.7468	628.29
-8.0798	-8.635	627.81
-8.1338	-8.5233	627.32
-8.1877	-8.4116	626.84
-8.2417	-8.2998	626.35
-8.2957	-8.1881	625.87
-8.3496	-8.0763	625.39
-8.4036	-7.9646	624.9
-8.4576	-7.8529	624.42
-8.5116	-7.7411	623.93
-8.5655	-7.6294	623.45
-8.6195	-7.5176	622.96
-8.6735	-7.4059	622.48
-8.7274	-7.2942	622
-8.7814	-7.1824	621.51
-8.8354	-7.0707	621.03
-8.8894	-6.9589	620.54
-8.9433	-6.8472	620.06
-8.9973	-6.7354	619.57
-9.0513	-6.6237	619.09
-9.1052	-6.512	618.61
-9.1592	-6.4002	618.12
-9.2132	-6.2885	617.64
-9.2671	-6.1767	617.15
-9.3211	-6.065	616.67
-9.3751	-5.9533	616.18
-9.4291	-5.8415	615.7
-9.483	-5.7298	615.21
-9.537	-5.618	614.73
-9.591	-5.5063	614.25
-9.6449	-5.3946	613.76
-9.6989	-5.2828	613.28
-9.7529	-5.1711	612.79
-9.8069	-5.0593	612.31
-9.8608	-4.9476	611.82
-9.9148	-4.8359	611.34
-9.9688	-4.7241	610.86
-10.023	-4.6124	610.37
-10.077	-4.5006	609.89
-10.131	-4.3889	609.4
-10.185	-4.2772	608.92
-10.239	-4.1654	608.43
-10.293	-4.0537	607.95
-10.347	-3.9419	607.46
-10.401	-3.8302	606.98
-10.454	-3.7184	606.5
-10.508	-3.6067	606.01
-10.562	-3.495	605.53
-10.616	-3.3832	605.04
-10.67	-3.2715	604.56
-10.724	-3.1597	604.07
-10.778	-3.048	603.59
-10.832	-2.9363	603.11
-10.886	-2.8245	602.62
-10.94	-2.7128	602.14
-10.994	-2.601	601.65
-11.048	-2.4893	601.17
-11.102	-2.3776	600.68
-11.156	-2.2658	600.2
-11.21	-2.1541	599.72
-11.264	-2.0423	599.23
-11.318	-1.9306	598.75
-11.372	-1.8189	598.26
-11.426	-1.7071	597.78
-11.48	-1.5954	597.29
-11.534	-1.4836	596.81
-11.588	-1.3719	596.32
-11.642	-1.2602	595.84
-11.696	-1.1484	595.36
-11.75	-1.0367	594.87
-11.804	-0.92493	594.39
-11.858	-0.81319	593.9
-11.912	-0.70145	593.42
-11.966	-0.58971	592.93
-12.02	-0.47797	592.45
-12.074	-0.36623	591.97
-12.128	-0.25449	591.48
-12.182	-0.14275	591
-12.236	-0.031005	590.51
-12.289	0.080736	590.03
-12.343	0.19248	589.54
-12.397	0.30422	589.06
-12.451	0.41596	588.57
-12.505	0.5277	588.09
-12.559	0.63944	587.61
-12.613	0.75118	587.12
-12.667	0.86292	586.64
-12.721	0.97466	586.15
-12.775	1.0864	585.67
-12.829	1.1981	585.18
-12.883	1.3099	584.7
-12.937	1.4216	584.22
-12.991	1.5334	583.73
-13.045	1.6451	583.25
-13.099	1.7568	582.76
-13.153	1.8686	582.28
-13.207	1.9803	581.79
-13.261	2.0921	581.31
-13.315	2.2038	580.83
-13.369	2.3156	580.34
-13.423	2.4273	579.86
-13.477	2.539	579.37
-13.531	2.6508	578.89
-13.585	2.7625	578.4
-13.639	2.8743	577.92
-13.693	2.986	577.43
-13.747	3.0977	576.95
-13.801	3.2095	576.47
-13.855	3.3212	575.98
-13.909	3.433	575.5
-13.963	3.5447	575.01
-14.017	3.6564	574.53
-14.071	3.7682	574.04
-14.124	3.8799	573.56
-14.178	3.9917	573.08
-14.232	4.1034	572.59
-14.286	4.2151	572.11
-14.34	4.3269	571.62
-14.394	4.4386	571.14
-14.448	4.5504	570.65
-14.502	4.6621	570.17
-14.556	4.7738	569.69
-14.61	4.8856	569.2
-14.664	4.9973	568.72
-14.718	5.1091	568.23
-14.772	5.2208	567.75
-14.826	5.3325	567.26
-14.88	5.4443	566.78
-14.934	5.556	566.29
-14.988	5.6678	565.81
-15.042	5.7795	565.33
-15.096	5.8913	564.84
-15.15	6.003	564.36
-15.204	6.1147	563.87
-15.258	6.2265	563.39
-15.312	6.3382	562.9
-15.366	6.45	562.42
-15.42	6.5617	561.94
-15.474	6.6734	561.45
-15.528	6.7852	560.97
-15.582	6.8969	560.48
-15.636	7.0087	560
-15.69	7.1204	559.51
-15.744	7.2321	559.03
-15.798	7.3439	558.54
-15.852	7.4556	558.06
-15.906	7.5674	557.58
-15.959	7.6791	557.09
-16.013	7.7908	556.61
-16.067	7.9026	556.12
-16.121	8.0143	555.64
-16.175	8.1261	555.15
-16.229	8.2378	554.67
-16.283	8.3495	554.19
-16.337	8.4613	553.7
-16.391	8.573	553.22
-16.445	8.6848	552.73
-16.499	8.7965	552.25
-16.553	8.9083	551.76
-16.607	9.02	551.28
-16.661	9.1317	550.8
-16.715	9.2435	550.31
-16.769	9.3552	549.83
-16.823	9.467	549.34
-16.877	9.5787	548.86
-16.931	9.6904	548.37
-16.985	9.8022	547.89
-17.039	9.9139	547.4
-17.093	10.026	546.92
-17.147	10.137	546.44
-17.201	10.249	545.95
-17.255	10.361	545.47
-17.309	10.473	544.98
-17.363	10.584	544.5
-17.417	10.696	544.01
-17.471	10.808	543.53
-17.525	10.92	543.05
-17.579	11.031	542.56
-17.633	11.143	542.08
-17.687	11.255	541.59
-17.741	11.367	541.11
-17.794	11.478	540.62
-17.848	11.59	540.14
-17.902	11.702	539.65
-17.956	11.814	539.17
-18.01	11.925	538.69
-18.064	12.037	538.2
-18.118	12.149	537.72
-18.172	12.26	537.23
-18.226	12.372	536.75
-18.28	12.484	536.26
-18.334	12.596	535.78
-18.388	12.707	535.3
-18.442	12.819	534.81
-18.496	12.931	534.33
-18.55	13.043	533.84
-18.604	13.154	533.36
-18.658	13.266	532.87
-18.712	13.378	532.39
-18.766	13.49	531.91
-18.82	13.601	531.42
-18.874	13.713	530.94
-18.928	13.825	530.45
-18.982	13.937	529.97
-19.036	14.048	529.48
-19.09	14.16	529
-19.144	14.272	528.51
-19.198	14.384	528.03
-19.252	14.495	527.55
-19.306	14.607	527.06
-19.36	14.719	526.58
-19.414	14.831	526.09
-19.468	14.942	525.61
-19.522	15.054	525.12
-19.576	15.166	524.64
-19.629	15.277	524.16
-19.683	15.389	523.67
-19.737	15.501	523.19
-19.791	15.613	522.7
-19.845	15.724	522.22
-19.899	15.836	521.73
-19.953	15.948	521.25
-20.007	16.06	520.77
-20.061	16.171	520.28
-20.115	16.283	519.8
-20.169	16.395	519.31
-20.223	16.507	518.83
-20.277	16.618	518.34
-20.331	16.73	517.86
-20.385	16.842	517.37
-20.439	16.954	516.89
-20.493	17.065	516.41
-20.547	17.177	515.92
-20.601	17.289	515.44
-20.655	17.401	514.95
-20.709	17.512	514.47
-20.763	17.624	513.98
-20.817	17.736	513.5
-20.871	17.848	513.02
-20.925	17.959	512.53
-20.979	18.071	512.05
-21.033	18.183	511.56
-21.087	18.294	511.08
-21.141	18.406	510.59
-21.195	18.518	510.11
-21.249	18.63	509.62
-21.303	18.741	509.14
-21.357	18.853	508.66
-21.411	18.965	508.17
-21.464	19.077	507.69
-21.518	19.188	507.2
-21.572	19.3	506.72
-21.626	19.412	506.23
-21.68	19.524	505.75
-21.734	19.635	505.27
-21.788	19.747	504.78
-21.842	19.859	504.3
-21.896	19.971	503.81
-21.95	20.082	503.33
-22.004	20.194	502.84
-22.058	20.306	502.36
-22.112	20.418	501.88
-22.166	20.529	501.39
-22.22	20.641	500.91
-22.274	20.753	500.42
-22.328	20.865	499.94
-22.382	20.976	499.45
-22.436	21.088	498.97
-22.49	21.2	498.48
-22.544	21.311	498
-22.598	21.423	497.52
-22.652	21.535	497.03
-22.706	21.647	496.55
-22.76	21.758	496.06
-22.814	21.87	495.58
-22.868	21.982	495.09
-22.922	22.094	494.61
-22.976	22.205	494.13
-23.03	22.317	493.64
-23.084	22.429	493.16
-23.138	22.541	492.67
-23.192	22.652	492.19
-23.246	22.764	491.7
-23.299	22.876	491.22
-23.353	22.988	490.73
-23.407	23.099	490.25
-23.461	23.211	489.77
-23.515	23.323	489.28
-23.569	23.435	488.8
-23.623	23.546	488.31
-23.677	23.658	487.83
-23.731	23.77	487.34
-23.785	23.882	486.86
-23.839	23.993	486.38
-23.893	24.105	485.89
-23.947	24.217	485.41
-24.001	24.328	484.92
-24.055	24.44	484.44
-24.109	24.552	483.95
-24.163	24.664	483.47
-24.217	24.775	482.99
-24.271	24.887	482.5
-24.325	24.999	482.02
-24.379	25.111	481.53
-24.433	25.222	481.05
-24.487	25.334	480.56
-24.541	25.446	480.08
-24.595	25.558	479.59
-24.649	25.669	479.11
-24.703	25.781	478.63
-24.757	25.893	478.14
-24.811	26.005	477.66
-24.865	26.116	477.17
-24.919	26.228	476.69
-24.973	26.34	476.2
-25.027	26.452	475.72
-25.081	26.563	475.24
-25.134	26.675	474.75
-25.188	26.787	474.27
-25.242	26.899	473.78
-25.296	27.01	473.3
-25.35	27.122	472.81
-25.404	27.234	472.33
-25.458	27.345	471.85
-25.512	27.457	471.36
-25.566	27.569	470.88
-25.62	27.681	470.39
-25.674	27.792	469.91
-25.728	27.904	469.42
-25.782	28.016	468.94
-25.836	28.128	468.45
-25.89	28.239	467.97
-25.944	28.351	467.49
-25.998	28.463	467
-26.052	28.575	466.52
-26.106	28.686	466.03
-26.16	28.798	465.55
-26.214	28.91	465.06
-26.268	29.022	464.58
-26.322	29.133	464.1
-26.376	29.245	463.61
-26.43	29.357	463.13
-26.484	29.469	462.64
-26.538	29.58	462.16
-26.592	29.692	461.67
-26.646	29.804	461.19
-26.7	29.916	460.7
-26.754	30.027	460.22
-26.808	30.139	459.74
-26.862	30.251	459.25
-26.916	30.362	458.77
-26.969	30.474	458.28
-27.023	30.586	457.8
-27.077	30.698	457.31
-27.131	30.809	456.83
-27.185	30.921	456.35
-27.239	31.033	455.86
-27.293	31.145	455.38
-27.347	31.256	454.89
-27.401	31.368	454.41
-27.455	31.48	453.92
-27.509	31.592	453.44
-27.563	31.703	452.96
-27.617	31.815	452.47
-27.671	31.927	451.99
-27.725	32.039	451.5
-27.779	32.15	451.02
-27.833	32.262	450.53
-27.887	32.374	450.05
-27.941	32.486	449.56
-27.995	32.597	449.08
-28.049	32.709	448.6
-28.103	32.821	448.11
-28.157	32.933	447.63
-28.211	33.044	447.14
-28.265	33.156	446.66
-28.319	33.268	446.17
-28.373	33.379	445.69
-28.427	33.491	445.21
-28.481	33.603	444.72
-28.535	33.715	444.24
-28.589	33.826	443.75
-28.643	33.938	443.27
-28.697	34.05	442.78
-28.751	34.162	442.3
-28.804	34.273	441.81
-28.858	34.385	441.33
-28.912	34.497	440.85
-28.966	34.609	440.36
-29.02	34.72	439.88
-29.074	34.832	439.39
-29.128	34.944	438.91
-29.182	35.056	438.42
-29.236	35.167	437.94
-29.29	35.279	437.46
-29.344	35.391	436.97
-29.398	35.503	436.49
-29.452	35.614	436
-29.506	35.726	435.52
-29.56	35.838	435.03
-29.614	35.95	434.55
-29.668	36.061	434.07
-29.722	36.173	433.58
-29.776	36.285	433.1
-29.83	36.396	432.61
-29.884	36.508	432.13
-29.938	36.62	431.64
-29.992	36.732	431.16
-30.046	36.843	430.67
-30.1	36.955	430.19
-30.154	37.067	429.71
-30.208	37.179	429.22
-30.262	37.29	428.74
-30.316	37.402	428.25
-30.37	37.514	427.77
-30.424	37.626	427.28
-30.478	37.737	426.8
-30.532	37.849	426.32
-30.586	37.961	425.83
-30.639	38.073	425.35
-30.693	38.184	424.86
-30.747	38.296	424.38
-30.801	38.408	423.89
-30.855	38.52	423.41
-30.909	38.631	422.93
-30.963	38.743	422.44
-31.017	38.855	421.96
-31.071	38.967	421.47
-31.125	39.078	420.99
-31.179	39.19	420.5
-31.233	39.302	420.02
-31.287	39.413	419.53
-31.341	39.525	419.05
-31.395	39.637	418.57
-31.449	39.749	418.08
-31.503	39.86	417.6
-31.557	39.972	417.11
-31.611	40.084	416.63
-31.665	40.196	416.14
-31.719	40.307	415.66
-31.773	40.419	415.18
-31.827	40.531	414.69
-31.881	40.643	414.21
-31.935	40.754	413.72
-31.989	40.866	413.24
-32.043	40.978	412.75
-32.097	41.09	412.27
-32.151	41.201	411.78
-32.205	41.313	411.3
-32.259	41.425	410.82
-32.313	41.537	410.33
-32.367	41.648	409.85
-32.421	41.76	409.36
-32.474	41.872	408.88
-32.528	41.984	408.39
-32.582	42.095	407.91
-32.636	42.207	407.43
-32.69	42.319	406.94
-32.744	42.43	406.46
-32.798	42.542	405.97
-32.852	42.654	405.49
-32.906	42.766	405
-32.96	42.877	404.52
-33.014	42.989	404.04
-33.068	43.101	403.55
-33.122	43.213	403.07
-33.176	43.324	402.58
-33.23	43.436	402.1
-33.284	43.548	401.61
-33.338	43.66	401.13
-33.392	43.771	400.64
-33.446	43.883	400.16
-33.5	43.995	399.68
-33.554	44.107	399.19
-33.608	44.218	398.71
-33.662	44.33	398.22
-33.716	44.442	397.74
-33.77	44.554	397.25
-33.824	44.665	396.77
-33.878	44.777	396.29
-33.932	44.889	395.8
-33.986	45.001	395.32
-34.04	45.112	394.83
-34.094	45.224	394.35
-34.148	45.336	393.86
-34.202	45.447	393.38
-34.256	45.559	392.89
-34.309	45.671	392.41
-34.363	45.783	391.93
-34.417	45.894	391.44
-34.471	46.006	390.96
-34.525	46.118	390.47
-34.579	46.23	389.99
-34.633	46.341	389.5
-34.687	46.453	389.02
-34.741	46.565	388.54
-34.795	46.677	388.05
-34.849	46.788	387.57
-34.903	46.9	387.08
-34.957	47.012	386.6
-35.011	47.124	386.11
-35.065	47.235	385.63
-35.119	47.347	385.15
-35.173	47.459	384.66
-35.227	47.571	384.18
-35.281	47.682	383.69
-35.335	47.794	383.21
-35.389	47.906	382.72
-35.443	48.018	382.24
-35.497	48.129	381.75
-35.551	48.241	381.27
-35.605	48.353	380.79
-35.659	48.464	380.3
-35.713	48.576	379.82
-35.767	48.688	379.33
-35.821	48.8	378.85
-35.875	48.911	378.36
-35.929	49.023	377.88
-35.983	49.135	377.4
-36.037	49.247	376.91
-36.091	49.358	376.43
-36.144	49.47	375.94
-36.198	49.582	375.46
-36.252	49.694	374.97
-36.306	49.805	374.49
-36.36	49.917	374.01
-36.414	50.029	373.52
-36.468	50.141	373.04
-36.522	50.252	372.55
-36.576	50.364	372.07
-36.63	50.476	371.58
-36.684	50.588	371.1
-36.738	50.699	370.61
-36.792	50.811	370.13
-36.846	50.923	369.65
-36.9	51.035	369.16
-36.954	51.146	368.68
-37.008	51.258	368.19
-37.062	51.37	367.71
-37.116	51.481	367.22
-37.17	51.593	366.74
-37.224	51.705	366.26
-37.278	51.817	365.77
-37.332	51.928	365.29
-37.386	52.04	364.8
-37.44	52.152	364.32
-37.494	52.264	363.83
-37.548	52.375	363.35
-37.602	52.487	362.86
-37.656	52.599	362.38
-37.71	52.711	361.9
-37.764	52.822	361.41
-37.818	52.934	360.93
-37.872	53.046	360.44
-37.926	53.158	359.96
-37.979	53.269	359.47
-38.033	53.381	358.99
-38.087	53.493	358.51
-38.141	53.605	358.02
-38.195	53.716	357.54
-38.249	53.828	357.05
-38.303	53.94	356.57
-38.357	54.052	356.08
-38.411	54.163	355.6
-38.465	54.275	355.12
-38.519	54.387	354.63
-38.573	54.498	354.15
-38.627	54.61	353.66
-38.681	54.722	353.18
-38.735	54.834	352.69
-38.789	54.945	352.21
-38.843	55.057	351.72
-38.897	55.169	351.24
-38.951	55.281	350.76
-39.005	55.392	350.27
-39.059	55.504	349.79
-39.113	55.616	349.3
-39.167	55.728	348.82
-39.221	55.839	348.33
-39.275	55.951	347.85
-39.329	56.063	347.37
-39.383	56.175	346.88
-39.437	56.286	346.4
-39.491	56.398	345.91
-39.545	56.51	345.43
-39.599	56.622	344.94
-39.653	56.733	344.46
-39.707	56.845	343.97
-39.761	56.957	343.49
-39.814	57.069	343.01
-39.868	57.18	342.52
-39.922	57.292	342.04
-39.976	57.404	341.55
-40.03	57.515	341.07
-40.084	57.627	340.58
-40.138	57.739	340.1
-40.192	57.851	339.62
-40.246	57.962	339.13
-40.3	58.074	338.65
-40.354	58.186	338.16
-40.408	58.298	337.68
-40.462	58.409	337.19
-40.516	58.521	336.71
-40.57	58.633	336.23
-40.624	58.745	335.74
-40.678	58.856	335.26
-40.732	58.968	334.77
-40.786	59.08	334.29
-40.84	59.192	333.8
-40.894	59.303	333.32
-40.948	59.415	332.83
-41.002	59.527	332.35
-41.056	59.639	331.87
-41.11	59.75	331.38
-41.164	59.862	330.9
-41.218	59.974	330.41
-41.272	60.086	329.93
-41.326	60.197	329.44
-41.38	60.309	328.96
-41.434	60.421	328.48
-41.488	60.532	327.99
-41.542	60.644	327.51
-41.596	60.756	327.02
-41.649	60.868	326.54
-41.703	60.979	326.05
-41.757	61.091	325.57
-41.811	61.203	325.09
-41.865	61.315	324.6
-41.919	61.426	324.12
-41.973	61.538	323.63
-42.027	61.65	323.15
-42.081	61.762	322.66
-42.135	61.873	322.18
-42.189	61.985	321.69
-42.243	62.097	321.21
-42.297	62.209	320.73
-42.351	62.32	320.24
-42.405	62.432	319.76
-42.459	62.544	319.27
-42.513	62.656	318.79
-42.567	62.767	318.3
-42.621	62.879	317.82
-42.675	62.991	317.34
-42.729	63.103	316.85
-42.783	63.214	316.37
-42.837	63.326	315.88
-42.891	63.438	315.4
-42.945	63.549	314.91
-42.999	63.661	314.43
-43.053	63.773	313.94
-43.107	63.885	313.46
-43.161	63.996	312.98
-43.215	64.108	312.49
-43.269	64.22	312.01
-43.323	64.332	311.52
-43.377	64.443	311.04
-43.431	64.555	310.55
-43.484	64.667	310.07
-43.538	64.779	309.59
-43.592	64.89	309.1
-43.646	65.002	308.62
-43.7	65.114	308.13
-43.754	65.226	307.65
-43.808	65.337	307.16
-43.862	65.449	306.68
-43.916	65.561	306.2
-43.97	65.673	305.71
-44.024	65.784	305.23
-44.078	65.896	304.74
-44.132	66.008	304.26
-44.186	66.12	303.77
-44.24	66.231	303.29
-44.294	66.343	302.8
-44.348	66.455	302.32
-44.402	66.566	301.84
-44.456	66.678	301.35
-44.51	66.79	300.87
-44.564	66.902	300.38
-44.618	67.013	299.9
-44.672	67.125	299.41
-44.726	67.237	298.93
-44.78	67.349	298.45
-44.834	67.46	297.96
-44.888	67.572	297.48
-44.942	67.684	296.99
-44.996	67.796	296.51
-45.05	67.907	296.02
-45.104	68.019	295.54
-45.158	68.131	295.05
-45.212	68.243	294.57
-45.266	68.354	294.09
-45.319	68.466	293.6
-45.373	68.578	293.12
-45.427	68.69	292.63
-45.481	68.801	292.15
-45.535	68.913	291.66
-45.589	69.025	291.18
-45.643	69.136	290.7
-45.697	69.248	290.21
-45.751	69.36	289.73
-45.805	69.472	289.24
-45.859	69.583	288.76
-45.913	69.695	288.27
-45.967	69.807	287.79
-46.021	69.919	287.31
-46.075	70.03	286.82
-46.129	70.142	286.34
-46.183	70.254	285.85
-46.237	70.366	285.37
-46.291	70.477	284.88
-46.345	70.589	284.4
-46.399	70.701	283.91
-46.453	70.813	283.43
-46.507	70.924	282.95
-46.561	71.036	282.46
-46.615	71.148	281.98
-46.669	71.26	281.49
-46.723	71.371	281.01
-46.777	71.483	280.52
-46.831	71.595	280.04
-46.885	71.707	279.56
-46.939	71.818	279.07
-46.993	71.93	278.59
-47.047	72.042	278.1
-47.101	72.153	277.62
-47.154	72.265	277.13
-47.208	72.377	276.65
-47.262	72.489	276.17
-47.316	72.6	275.68
-47.37	72.712	275.2
-47.424	72.824	274.71
-47.478	72.936	274.23
-47.532	73.047	273.74
-47.586	73.159	273.26
-47.64	73.271	272.77
-47.694	73.383	272.29
-47.748	73.494	271.81
-47.802	73.606	271.32
-47.856	73.718	270.84
-47.91	73.83	270.35
-47.964	73.941	269.87
-48.018	74.053	269.38
-48.072	74.165	268.9
-48.126	74.277	268.42
-48.18	74.388	267.93
-48.234	74.5	267.45
-48.288	74.612	266.96
-48.342	74.724	266.48
-48.396	74.835	265.99
-48.45	74.947	265.51
-48.504	75.059	265.02
-48.558	75.17	264.54
-48.612	75.282	264.06
-48.666	75.394	263.57
-48.72	75.506	263.09
-48.774	75.617	262.6
-48.828	75.729	262.12
-48.882	75.841	261.63
-48.936	75.953	261.15
-48.989	76.064	260.67
-49.043	76.176	260.18
-49.097	76.288	259.7
-49.151	76.4	259.21
-49.205	76.511	258.73
-49.259	76.623	258.24
-49.313	76.735	257.76
-49.367	76.847	257.28
-49.421	76.958	256.79
-49.475	77.07	256.31
-49.529	77.182	255.82
-49.583	77.294	255.34
-49.637	77.405	254.85
-49.691	77.517	254.37
-49.745	77.629	253.88
-49.799	77.741	253.4
-49.853	77.852	252.92
-49.907	77.964	252.43
-49.961	78.076	251.95
-50.015	78.187	251.46
-50.069	78.299	250.98
-50.123	78.411	250.49
-50.177	78.523	250.01
-50.231	78.634	249.53
-50.285	78.746	249.04
-50.339	78.858	248.56
-50.393	78.97	248.07
-50.447	79.081	247.59
-50.501	79.193	247.1
-50.555	79.305	246.62
-50.609	79.417	246.13
-50.663	79.528	245.65
-50.717	79.64	245.17
-50.771	79.752	244.68
-50.824	79.864	244.2
-50.878	79.975	243.71
-50.932	80.087	243.23
-50.986	80.199	242.74
-51.04	80.311	242.26
-51.094	80.422	241.78
-51.148	80.534	241.29
-51.202	80.646	240.81
-51.256	80.758	240.32
-51.31	80.869	239.84
-51.364	80.981	239.35
-51.418	81.093	238.87
-51.472	81.204	238.39
-51.526	81.316	237.9
-51.58	81.428	237.42
-51.634	81.54	236.93
-51.688	81.651	236.45
-51.742	81.763	235.96
-51.796	81.875	235.48
-51.85	81.987	234.99
-51.904	82.098	234.51
-51.958	82.21	234.03
-52.012	82.322	233.54
-52.066	82.434	233.06
-52.12	82.545	232.57
-52.174	82.657	232.09
-52.228	82.769	231.6
-52.282	82.881	231.12
-52.336	82.992	230.64
-52.39	83.104	230.15
-52.444	83.216	229.67
-52.498	83.328	229.18
-52.552	83.439	228.7
-52.606	83.551	228.21
-52.659	83.663	227.73
-52.713	83.775	227.25
-52.767	83.886	226.76
-52.821	83.998	226.28
-52.875	84.11	225.79
-52.929	84.221	225.31
-52.983	84.333	224.82
-53.037	84.445	224.34
-53.091	84.557	223.85
-53.145	84.668	223.37
-53.199	84.78	222.89
-53.253	84.892	222.4
-53.307	85.004	221.92
-53.361	85.115	221.43
-53.415	85.227	220.95
-53.469	85.339	220.46
-53.523	85.451	219.98
-53.577	85.562	219.5
-53.631	85.674	219.01
-53.685	85.786	218.53
-53.739	85.898	218.04
-53.793	86.009	217.56
-53.847	86.121	217.07
-53.901	86.233	216.59
-53.955	86.345	216.1
-54.009	86.456	215.62
-54.063	86.568	215.14
-54.117	86.68	214.65
-54.171	86.792	214.17
-54.225	86.903	213.68
-54.279	87.015	213.2
-54.333	87.127	212.71
-54.387	87.238	212.23
-54.441	87.35	211.75
-54.494	87.462	211.26
-54.548	87.574	210.78
-54.602	87.685	210.29
-54.656	87.797	209.81
-54.71	87.909	209.32
-54.764	88.021	208.84
-54.818	88.132	208.36
-54.872	88.244	207.87
-54.926	88.356	207.39
-54.98	88.468	206.9
-55.034	88.579	206.42
-55.088	88.691	205.93
-55.142	88.803	205.45
-55.196	88.915	204.96
-55.25	89.026	204.48
-55.304	89.138	204
-55.358	89.25	203.51
-55.412	89.362	203.03
-55.466	89.473	202.54
-55.52	89.585	202.06
-55.574	89.697	201.57
-55.628	89.809	201.09
-55.682	89.92	200.61
-55.736	90.032	200.12
-55.79	90.144	199.64
-55.844	90.255	199.15
-55.898	90.367	198.67
-55.952	90.479	198.18
-56.006	90.591	197.7
-56.06	90.702	197.21
-56.114	90.814	196.73
-56.168	90.926	196.25
-56.222	91.038	195.76
-56.276	91.149	195.28
-56.329	91.261	194.79
-56.383	91.373	194.31
-56.437	91.485	193.82
-56.491	91.596	193.34
-56.545	91.708	192.86
-56.599	91.82	192.37
-56.653	91.932	191.89
-56.707	92.043	191.4
-56.761	92.155	190.92
-56.815	92.267	190.43
-56.869	92.379	189.95
-56.923	92.49	189.47
-56.977	92.602	188.98
-57.031	92.714	188.5
-57.085	92.826	188.01
-57.139	92.937	187.53
-57.193	93.049	187.04
-57.247	93.161	186.56
-57.301	93.272	186.07
-57.355	93.384	185.59
-57.409	93.496	185.11
-57.463	93.608	184.62
-57.517	93.719	184.14
-57.571	93.831	183.65
-57.625	93.943	183.17
-57.679	94.055	182.68
-57.733	94.166	182.2
-57.787	94.278	181.72
-57.841	94.39	181.23
-57.895	94.502	180.75
-57.949	94.613	180.26
-58.003	94.725	179.78
-58.057	94.837	179.29
-58.111	94.949	178.81
-58.164	95.06	178.33
-58.218	95.172	177.84
-58.272	95.284	177.36
-58.326	95.396	176.87
-58.38	95.507	176.39
-58.434	95.619	175.9
-58.488	95.731	175.42
-58.542	95.843	174.93
-58.596	95.954	174.45
-58.65	96.066	173.97
-58.704	96.178	173.48
-58.758	96.289	173
-58.812	96.401	172.51
-58.866	96.513	172.03
-58.92	96.625	171.54
-58.974	96.736	171.06
-59.028	96.848	170.58
-59.082	96.96	170.09
-59.136	97.072	169.61
-59.19	97.183	169.12
-59.244	97.295	168.64
-59.298	97.407	168.15
-59.352	97.519	167.67
-59.406	97.63	167.18
-59.46	97.742	166.7
-59.514	97.854	166.22
-59.568	97.966	165.73
-59.622	98.077	165.25
-59.676	98.189	164.76
-59.73	98.301	164.28
-59.784	98.413	163.79
-59.838	98.524	163.31
-59.892	98.636	162.83
-59.946	98.748	162.34
-59.999	98.86	161.86
-60.053	98.971	161.37
-60.107	99.083	160.89
-60.161	99.195	160.4
-60.215	99.306	159.92
-60.269	99.418	159.44
-60.323	99.53	158.95
-60.377	99.642	158.47
-60.431	99.753	157.98
-60.485	99.865	157.5
-60.539	99.977	157.01
-60.593	100.09	156.53
-60.647	100.2	156.04
-60.701	100.31	155.56
-60.755	100.42	155.08
-60.809	100.54	154.59
-60.863	100.65	154.11
-60.917	100.76	153.62
-60.971	100.87	153.14
-61.025	100.98	152.65
-61.079	101.09	152.17
-61.133	101.21	151.69
-61.187	101.32	151.2
-61.241	101.43	150.72
-61.295	101.54	150.23
-61.349	101.65	149.75
-61.403	101.76	149.26
-61.457	101.88	148.78
-61.511	101.99	148.29
-61.565	102.1	147.81
-61.619	102.21	147.33
-61.673	102.32	146.84
-61.727	102.44	146.36
-61.781	102.55	145.87
-61.834	102.66	145.39
-61.888	102.77	144.9
-61.942	102.88	144.42
-61.996	102.99	143.94
-62.05	103.11	143.45
-62.104	103.22	142.97
-62.158	103.33	142.48
-62.212	103.44	142
-62.266	103.55	141.51
-62.32	103.66	141.03
-62.374	103.78	140.55
-62.428	103.89	140.06
-62.482	104	139.58
-62.536	104.11	139.09
-62.59	104.22	138.61
-62.644	104.33	138.12
-62.698	104.45	137.64
-62.752	104.56	137.15
-62.806	104.67	136.67
-62.86	104.78	136.19
-62.914	104.89	135.7
-62.968	105.01	135.22
-63.022	105.12	134.73
-63.076	105.23	134.25
-63.13	105.34	133.76
-63.184	105.45	133.28
-63.238	105.56	132.8
-63.292	105.68	132.31
-63.346	105.79	131.83
-63.4	105.9	131.34
-63.454	106.01	130.86
-63.508	106.12	130.37
-63.562	106.23	129.89
-63.616	106.35	129.41
-63.669	106.46	128.92
-63.723	106.57	128.44
-63.777	106.68	127.95
-63.831	106.79	127.47
-63.885	106.9	126.98
-63.939	107.02	126.5
-63.993	107.13	126.01
-64.047	107.24	125.53
-64.101	107.35	125.05
-64.155	107.46	124.56
-64.209	107.58	124.08
-64.263	107.69	123.59
-64.317	107.8	123.11
-64.371	107.91	122.62
-64.425	108.02	122.14
-64.479	108.13	121.66
-64.533	108.25	121.17
-64.587	108.36	120.69
-64.641	108.47	120.2
-64.695	108.58	119.72
-64.749	108.69	119.23
-64.803	108.8	118.75
-64.857	108.92	118.26
-64.911	109.03	117.78
-64.965	109.14	117.3
-65.019	109.25	116.81
-65.073	109.36	116.33
-65.127	109.47	115.84
-65.181	109.59	115.36
-65.235	109.7	114.87
-65.289	109.81	114.39
-65.343	109.92	113.91
-65.397	110.03	113.42
-65.451	110.15	112.94
-65.504	110.26	112.45
-65.558	110.37	111.97
-65.612	110.48	111.48
-65.666	110.59	111
-65.72	110.7	110.52
-65.774	110.82	110.03
-65.828	110.93	109.55
-65.882	111.04	109.06
-65.936	111.15	108.58
-65.99	111.26	108.09
-66.044	111.37	107.61
-66.098	111.49	107.12
-66.152	111.6	106.64
-66.206	111.71	106.16
-66.26	111.82	105.67
-66.314	111.93	105.19
-66.368	112.04	104.7
-66.422	112.16	104.22
-66.476	112.27	103.73
-66.53	112.38	103.25
-66.584	112.49	102.77
-66.638	112.6	102.28
-66.692	112.72	101.8
-66.746	112.83	101.31
-66.8	112.94	100.83
-66.854	113.05	100.34
-66.908	113.16	99.859
-66.962	113.27	99.375
-67.016	113.39	98.891
-67.07	113.5	98.406
-67.124	113.61	97.922
-67.178	113.72	97.437
-67.232	113.83	96.953
-67.286	113.94	96.469
-67.339	114.06	95.984
-67.393	114.17	95.5
-67.447	114.28	95.016
-67.501	114.39	94.531
-67.555	114.5	94.047
-67.609	114.61	93.563
-67.663	114.73	93.078
-67.717	114.84	92.594
-67.771	114.95	92.11
-67.825	115.06	91.625
-67.879	115.17	91.141
-67.933	115.29	90.657
-67.987	115.4	90.172
-68.041	115.51	89.688
-68.095	115.62	89.203
-68.149	115.73	88.719
-68.203	115.84	88.235
-68.257	115.96	87.75
-68.311	116.07	87.266
-68.365	116.18	86.782
-68.419	116.29	86.297
-68.473	116.4	85.813
-68.527	116.51	85.329
-68.581	116.63	84.844
-68.635	116.74	84.36
-68.689	116.85	83.876
-68.743	116.96	83.391
-68.797	117.07	82.907
-68.851	117.19	82.422
-68.905	117.3	81.938
-68.959	117.41	81.454
-69.013	117.52	80.969
-69.067	117.63	80.485
-69.121	117.74	80.001
-69.174	117.86	79.516
-69.228	117.97	79.032
-69.282	118.08	78.548
-69.336	118.19	78.063
-69.39	118.3	77.579
-69.444	118.41	77.095
-69.498	118.53	76.61
-69.552	118.64	76.126
-69.606	118.75	75.641
-69.66	118.86	75.157
-69.714	118.97	74.673
-69.768	119.08	74.188
-69.822	119.2	73.704
-69.876	119.31	73.22
-69.93	119.42	72.735
-69.984	119.53	72.251
-70.038	119.64	71.767
-70.092	119.76	71.282
-70.146	119.87	70.798
-70.2	119.98	70.314
-70.254	120.09	69.829
-70.308	120.2	69.345
-70.362	120.31	68.86
-70.416	120.43	68.376
-70.47	120.54	67.892
-70.524	120.65	67.407
-70.578	120.76	66.923
-70.632	120.87	66.439
-70.686	120.98	65.954
-70.74	121.1	65.47
-70.794	121.21	64.986
-70.848	121.32	64.501
-70.902	121.43	64.017
-70.956	121.54	63.533
-71.009	121.65	63.048
-71.063	121.77	62.564
-71.117	121.88	62.079
-71.171	121.99	61.595
-71.225	122.1	61.111
-71.279	122.21	60.626
-71.333	122.33	60.142
-71.387	122.44	59.658
-71.441	122.55	59.173
-71.495	122.66	58.689
-71.549	122.77	58.205
-71.603	122.88	57.72
-71.657	123	57.236
-71.711	123.11	56.752
-71.765	123.22	56.267
-71.819	123.33	55.783
-71.873	123.44	55.298
-71.927	123.55	54.814
-71.981	123.67	54.33
-72.035	123.78	53.845
-72.089	123.89	53.361
-72.143	124	52.877
-72.197	124.11	52.392
-72.251	124.22	51.908
-72.305	124.34	51.424
-72.359	124.45	50.939
-72.413	124.56	50.455
-72.467	124.67	49.971
-72.521	124.78	49.486
-72.575	124.9	49.002
-72.629	125.01	48.517
-72.683	125.12	48.033
-72.737	125.23	47.549
-72.791	125.34	47.064
-72.844	125.45	46.58
-72.898	125.57	46.096
-72.952	125.68	45.611
-73.006	125.79	45.127
-73.06	125.9	44.643
-73.114	126.01	44.158
-73.168	126.12	43.674
-73.222	126.24	43.19
-73.276	126.35	42.705
-73.33	126.46	42.221
-73.384	126.57	41.737
-73.438	126.68	41.252
-73.492	126.79	40.768
-73.546	126.91	40.283
-73.6	127.02	39.799
-73.654	127.13	39.315
-73.708	127.24	38.83
-73.762	127.35	38.346
-73.816	127.47	37.862
-73.87	127.58	37.377
-73.924	127.69	36.893
-73.978	127.8	36.409
-74.032	127.91	35.924
-74.086	128.02	35.44
-74.14	128.14	34.956
-74.194	128.25	34.471
-74.248	128.36	33.987
-74.302	128.47	33.502
-74.356	128.58	33.018
-74.41	128.69	32.534
-74.464	128.81	32.049
-74.518	128.92	31.565
-74.572	129.03	31.081
-74.626	129.14	30.596
-74.679	129.25	30.112
-74.733	129.36	29.628
-74.787	129.48	29.143
-74.841	129.59	28.659
-74.895	129.7	28.175
-74.949	129.81	27.69
-75.003	129.92	27.206
-75.057	130.04	26.721
-75.111	130.15	26.237
-75.165	130.26	25.753
-75.219	130.37	25.268
-75.273	130.48	24.784
-75.327	130.59	24.3
-75.381	130.71	23.815
-75.435	130.82	23.331
-75.489	130.93	22.847
-75.543	131.04	22.362
-75.597	131.15	21.878
-75.651	131.26	21.394
-75.705	131.38	20.909
-75.759	131.49	20.425
-75.813	131.6	19.94
-75.867	131.71	19.456
-75.921	131.82	18.972
-75.975	131.93	18.487
-76.029	132.05	18.003
-76.083	132.16	17.519
-76.137	132.27	17.034
-76.191	132.38	16.55
-76.245	132.49	16.066
-76.299	132.61	15.581
-76.353	132.72	15.097
-76.407	132.83	14.613
-76.461	132.94	14.128
-76.514	133.05	13.644
-76.568	133.16	13.159
-76.622	133.28	12.675
-76.676	133.39	12.191
-76.73	133.5	11.706
-76.784	133.61	11.222
-76.838	133.72	10.738
-76.892	133.83	10.253
-76.946	133.95	9.769
-77	134.06	9.2846
-77.054	134.17	8.8003
-77.108	134.28	8.3159
-77.162	134.39	7.8315
-77.216	134.5	7.3472
-77.27	134.62	6.8628
-77.324	134.73	6.3785
-77.378	134.84	5.8941
-77.432	134.95	5.4098
-77.486	135.06	4.9254
-77.54	135.18	4.4411
-77.594	135.29	3.9567
-77.648	135.4	3.4723
-77.702	135.51	2.988
-77.756	135.62	2.5036
-77.81	135.73	2.0193
-77.864	135.85	1.5349
-77.918	135.96	1.0506
-77.972	136.07	0.5662
-78.026	136.18	0.081846
-78.08	136.29	-0.40251
-78.134	136.4	-0.88687
-78.188	136.52	-1.3712
-78.242	136.63	-1.8556
-78.296	136.74	-2.3399
-78.349	136.85	-2.8243
-78.403	136.96	-3.3086
-78.457	137.07	-3.793
-78.511	137.19	-4.2774
-78.565	137.3	-4.7617
-78.619	137.41	-5.2461
-78.673	137.52	-5.7304
-78.727	137.63	-6.2148
-78.781	137.75	-6.6991
-78.835	137.86	-7.1835
-78.889	137.97	-7.6679
-78.943	138.08	-8.1522
-78.997	138.19	-8.6366
-79.051	138.3	-9.1209
-79.105	138.42	-9.6053
-79.159	138.53	-10.09
-79.213	138.64	-10.574
-79.267	138.75	-11.058
-79.321	138.86	-11.543
-79.375	138.97	-12.027
-79.429	139.09	-12.511
-79.483	139.2	-12.996
-79.537	139.31	-13.48
-79.591	139.42	-13.964
-79.645	139.53	-14.449
-79.699	139.64	-14.933
-79.753	139.76	-15.418
-79.807	139.87	-15.902
-79.861	139.98	-16.386
-79.915	140.09	-16.871
-79.969	140.2	-17.355
-80.023	140.32	-17.839
-80.077	140.43	-18.324
-80.131	140.54	-18.808
-80.184	140.65	-19.292
-80.238	140.76	-19.777
-80.292	140.87	-20.261
-80.346	140.99	-20.745
-80.4	141.1	-21.23
-80.454	141.21	-21.714
-80.508	141.32	-22.199
-80.562	141.43	-22.683
-80.616	141.54	-23.167
-80.67	141.66	-23.652
-80.724	141.77	-24.136
-80.778	141.88	-24.62
-80.832	141.99	-25.105
-80.886	142.1	-25.589
-80.94	142.21	-26.073
-80.994	142.33	-26.558
-81.048	142.44	-27.042
-81.102	142.55	-27.526
-81.156	142.66	-28.011
-81.21	142.77	-28.495
-81.264	142.89	-28.98
-81.318	143	-29.464
-81.372	143.11	-29.948
-81.426	143.22	-30.433
-81.48	143.33	-30.917
-81.534	143.44	-31.401
-81.588	143.56	-31.886
-81.642	143.67	-32.37
-81.696	143.78	-32.854
-81.75	143.89	-33.339
-81.804	144	-33.823
-81.858	144.11	-34.307
-81.912	144.23	-34.792
-81.966	144.34	-35.276
-82.019	144.45	-35.761
-82.073	144.56	-36.245
-82.127	144.67	-36.729
-82.181	144.78	-37.214
-82.235	144.9	-37.698
-82.289	145.01	-38.182
-82.343	145.12	-38.667
-82.397	145.23	-39.151
-82.451	145.34	-39.635
-82.505	145.46	-40.12
-82.559	145.57	-40.604
-82.613	145.68	-41.088
-82.667	145.79	-41.573
-82.721	145.9	-42.057
-82.775	146.01	-42.542
-82.829	146.13	-43.026
-82.883	146.24	-43.51
-82.937	146.35	-43.995
-82.991	146.46	-44.479
-83.045	146.57	-44.963
-83.099	146.68	-45.448
-83.153	146.8	-45.932
-83.207	146.91	-46.416
-83.261	147.02	-46.901
-83.315	147.13	-47.385
-83.369	147.24	-47.869
-83.423	147.36	-48.354
-83.477	147.47	-48.838
-83.531	147.58	-49.323
-83.585	147.69	-49.807
-83.639	147.8	-50.291
-83.693	147.91	-50.776
-83.747	148.03	-51.26
-83.801	148.14	-51.744
-83.854	148.25	-52.229
-83.908	148.36	-52.713
-83.962	148.47	-53.197
-84.016	148.58	-53.682
-84.07	148.7	-54.166
-84.124	148.81	-54.65
-84.178	148.92	-55.135
-84.232	149.03	-55.619
-84.286	149.14	-56.104
-84.34	149.25	-56.588
-84.394	149.37	-57.072
-84.448	149.48	-57.557
-84.502	149.59	-58.041
-84.556	149.7	-58.525
-84.61	149.81	-59.01
-84.664	149.93	-59.494
-84.718	150.04	-59.978
-84.772	150.15	-60.463
-84.826	150.26	-60.947
-84.88	150.37	-61.431
-84.934	150.48	-61.916
-84.988	150.6	-62.4
-85.042	150.71	-62.884
-85.096	150.82	-63.369
-85.15	150.93	-63.853
-85.204	151.04	-64.338
-85.258	151.15	-64.822
-85.312	151.27	-65.306
-85.366	151.38	-65.791
-85.42	151.49	-66.275
-85.474	151.6	-66.759
-85.528	151.71	-67.244
-85.582	151.82	-67.728
-85.635	151.94	-68.212
-85.689	152.05	-68.697
-85.743	152.16	-69.181
-85.797	152.27	-69.665
-85.851	152.38	-70.15
-85.905	152.5	-70.634
-85.959	152.61	-71.119
-86.013	152.72	-71.603
-86.067	152.83	-72.087
-86.121	152.94	-72.572
-86.175	153.05	-73.056
-86.229	153.17	-73.54
-86.283	153.28	-74.025
-86.337	153.39	-74.509
-86.391	153.5	-74.993
-86.445	153.61	-75.478
-86.499	153.72	-75.962
-86.553	153.84	-76.446
-86.607	153.95	-76.931
-86.661	154.06	-77.415
-86.715	154.17	-77.9
-86.769	154.28	-78.384
-86.823	154.39	-78.868
-86.877	154.51	-79.353
-86.931	154.62	-79.837
-86.985	154.73	-80.321
-87.039	154.84	-80.806
-87.093	154.95	-81.29
-87.147	155.07	-81.774
-87.201	155.18	-82.259
-87.255	155.29	-82.743
-87.309	155.4	-83.227
-87.363	155.51	-83.712
-87.417	155.62	-84.196
-87.47	155.74	-84.681
-87.524	155.85	-85.165
-87.578	155.96	-85.649
-87.632	156.07	-86.134
-87.686	156.18	-86.618
-87.74	156.29	-87.102
-87.794	156.41	-87.587
-87.848	156.52	-88.071
-87.902	156.63	-88.555
-87.956	156.74	-89.04
-88.01	156.85	-89.524
-88.064	156.96	-90.008
-88.118	157.08	-90.493
-88.172	157.19	-90.977
-88.226	157.3	-91.462
-88.28	157.41	-91.946
-88.334	157.52	-92.43
-88.388	157.64	-92.915
-88.442	157.75	-93.399
-88.496	157.86	-93.883
-88.55	157.97	-94.368
-88.604	158.08	-94.852
-88.658	158.19	-95.336
-88.712	158.31	-95.821
-88.766	158.42	-96.305
-88.82	158.53	-96.789
-88.874	158.64	-97.274
-88.928	158.75	-97.758
-88.982	158.86	-98.243
-89.036	158.98	-98.727
-89.09	159.09	-99.211
-89.144	159.2	-99.696
-89.198	159.31	-100.18
-89.252	159.42	-100.66
-89.305	159.53	-101.15
-89.359	159.65	-101.63
-89.413	159.76	-102.12
-89.467	159.87	-102.6
-89.521	159.98	-103.09
-89.575	160.09	-103.57
-89.629	160.21	-104.05
-89.683	160.32	-104.54
-89.737	160.43	-105.02
-89.791	160.54	-105.51
-89.845	160.65	-105.99
-89.899	160.76	-106.48
-89.953	160.88	-106.96
-90.007	160.99	-107.45
-90.061	161.1	-107.93
-90.115	161.21	-108.41
-90.169	161.32	-108.9
-90.223	161.43	-109.38
-90.277	161.55	-109.87
-90.331	161.66	-110.35
-90.385	161.77	-110.84
-90.439	161.88	-111.32
-90.493	161.99	-111.8
-90.547	162.1	-112.29
-90.601	162.22	-112.77
-90.655	162.33	-113.26
-90.709	162.44	-113.74
-90.763	162.55	-114.23
-90.817	162.66	-114.71
-90.871	162.78	-115.19
-90.925	162.89	-115.68
-90.979	163	-116.16
-91.033	163.11	-116.65
-91.087	163.22	-117.13
-91.14	163.33	-117.62
-91.194	163.45	-118.1
-91.248	163.56	-118.59
-91.302	163.67	-119.07
-91.356	163.78	-119.55
-91.41	163.89	-120.04
-91.464	164	-120.52
-91.518	164.12	-121.01
-91.572	164.23	-121.49
-91.626	164.34	-121.98
-91.68	164.45	-122.46
-91.734	164.56	-122.94
-91.788	164.67	-123.43
-91.842	164.79	-123.91
-91.896	164.9	-124.4
-91.95	165.01	-124.88
-92.004	165.12	-125.37
-92.058	165.23	-125.85
-92.112	165.35	-126.34
-92.166	165.46	-126.82
-92.22	165.57	-127.3
-92.274	165.68	-127.79
-92.328	165.79	-128.27
-92.382	165.9	-128.76
-92.436	166.02	-129.24
-92.49	166.13	-129.73
-92.544	166.24	-130.21
-92.598	166.35	-130.69
-92.652	166.46	-131.18
-92.706	166.57	-131.66
-92.76	166.69	-132.15
-92.814	166.8	-132.63
-92.868	166.91	-133.12
-92.922	167.02	-133.6
-92.975	167.13	-134.08
-93.029	167.24	-134.57
-93.083	167.36	-135.05
-93.137	167.47	-135.54
-93.191	167.58	-136.02
-93.245	167.69	-136.51
-93.299	167.8	-136.99
-93.353	167.92	-137.48
-93.407	168.03	-137.96
-93.461	168.14	-138.44
-93.515	168.25	-138.93
-93.569	168.36	-139.41
-93.623	168.47	-139.9
-93.677	168.59	-140.38
-93.731	168.7	-140.87
-93.785	168.81	-141.35
-93.839	168.92	-141.83
-93.893	169.03	-142.32
-93.947	169.14	-142.8
-94.001	169.26	-143.29
-94.055	169.37	-143.77
-94.109	169.48	-144.26
-94.163	169.59	-144.74
-94.217	169.7	-145.23
-94.271	169.81	-145.71
-94.325	169.93	-146.19
-94.379	170.04	-146.68
-94.433	170.15	-147.16
-94.487	170.26	-147.65
-94.541	170.37	-148.13
-94.595	170.49	-148.62
-94.649	170.6	-149.1
-94.703	170.71	-149.58
-94.757	170.82	-150.07
-94.81	170.93	-150.55
-94.864	171.04	-151.04
-94.918	171.16	-151.52
-94.972	171.27	-152.01
-95.026	171.38	-152.49
-95.08	171.49	-152.97
-95.134	171.6	-153.46
-95.188	171.71	-153.94
-95.242	171.83	-154.43
-95.296	171.94	-154.91
-95.35	172.05	-155.4
-95.404	172.16	-155.88
-95.458	172.27	-156.37
-95.512	172.38	-156.85
-95.566	172.5	-157.33
-95.62	172.61	-157.82
-95.674	172.72	-158.3
-95.728	172.83	-158.79
-95.782	172.94	-159.27
-95.836	173.06	-159.76
-95.89	173.17	-160.24
-95.944	173.28	-160.72
-95.998	173.39	-161.21
-96.052	173.5	-161.69
-96.106	173.61	-162.18
-96.16	173.73	-162.66
-96.214	173.84	-163.15
-96.268	173.95	-163.63
-96.322	174.06	-164.11
-96.376	174.17	-164.6
-96.43	174.28	-165.08
-96.484	174.4	-165.57
-96.538	174.51	-166.05
-96.592	174.62	-166.54
-96.645	174.73	-167.02
-96.699	174.84	-167.51
-96.753	174.95	-167.99
-96.807	175.07	-168.47
-96.861	175.18	-168.96
-96.915	175.29	-169.44
-96.969	175.4	-169.93
-97.023	175.51	-170.41
-97.077	175.63	-170.9
-97.131	175.74	-171.38
-97.185	175.85	-171.86
-97.239	175.96	-172.35
-97.293	176.07	-172.83
-97.347	176.18	-173.32
-97.401	176.3	-173.8
-97.455	176.41	-174.29
-97.509	176.52	-174.77
-97.563	176.63	-175.26
-97.617	176.74	-175.74
-97.671	176.85	-176.22
-97.725	176.97	-176.71
-97.779	177.08	-177.19
-97.833	177.19	-177.68
-97.887	177.3	-178.16
-97.941	177.41	-178.65
-97.995	177.52	-179.13
-98.049	177.64	-179.61
-98.103	177.75	-180.1
-98.157	177.86	-180.58
-98.211	177.97	-181.07
-98.265	178.08	-181.55
-98.319	178.2	-182.04
-98.373	178.31	-182.52
-98.427	178.42	-183
-98.48	178.53	-183.49
-98.534	178.64	-183.97
-98.588	178.75	-184.46
-98.642	178.87	-184.94
-98.696	178.98	-185.43
-98.75	179.09	-185.91
-98.804	179.2	-186.4
-98.858	179.31	-186.88
-98.912	179.42	-187.36
-98.966	179.54	-187.85
-99.02	179.65	-188.33
-99.074	179.76	-188.82
-99.128	179.87	-189.3
-99.182	179.98	-189.79
-99.236	180.1	-190.27
-99.29	180.21	-190.75
-99.344	180.32	-191.24
-99.398	180.43	-191.72
-99.452	180.54	-192.21
-99.506	180.65	-192.69
-99.56	180.77	-193.18
-99.614	180.88	-193.66
-99.668	180.99	-194.15
-99.722	181.1	-194.63
-99.776	181.21	-195.11
-99.83	181.32	-195.6
-99.884	181.44	-196.08
-99.938	181.55	-196.57
-99.992	181.66	-197.05
-100.05	181.77	-197.54
-100.1	181.88	-198.02
-100.15	181.99	-198.5
-100.21	182.11	-198.99
-100.26	182.22	-199.47
-100.32	182.33	-199.96
-100.37	182.44	-200.44
-100.42	182.55	-200.93
-100.48	182.67	-201.41
-100.53	182.78	-201.89
-100.59	182.89	-202.38
-100.64	183	-202.86
-100.69	183.11	-203.35
-100.75	183.22	-203.83
-100.8	183.34	-204.32
-100.86	183.45	-204.8
-100.91	183.56	-205.29
-100.96	183.67	-205.77
-101.02	183.78	-206.25
-101.07	183.89	-206.74
-101.13	184.01	-207.22
-101.18	184.12	-207.71
-101.23	184.23	-208.19
-101.29	184.34	-208.68
-101.34	184.45	-209.16
-101.39	184.56	-209.64
-101.45	184.68	-210.13
-101.5	184.79	-210.61
-101.56	184.9	-211.1
-101.61	185.01	-211.58
-101.66	185.12	-212.07
-101.72	185.24	-212.55
-101.77	185.35	-213.04
-101.83	185.46	-213.52
-101.88	185.57	-214
-101.93	185.68	-214.49
-101.99	185.79	-214.97
-102.04	185.91	-215.46
-102.1	186.02	-215.94
-102.15	186.13	-216.43
-102.2	186.24	-216.91
-102.26	186.35	-217.39
-102.31	186.46	-217.88
-102.37	186.58	-218.36
-102.42	186.69	-218.85
-102.47	186.8	-219.33
-102.53	186.91	-219.82
-102.58	187.02	-220.3
-102.64	187.13	-220.78
-102.69	187.25	-221.27
-102.74	187.36	-221.75
-102.8	187.47	-222.24
-102.85	187.58	-222.72
-102.91	187.69	-223.21
-102.96	187.81	-223.69
-103.01	187.92	-224.18
-103.07	188.03	-224.66
-103.12	188.14	-225.14
-103.18	188.25	-225.63
-103.23	188.36	-226.11
-103.28	188.48	-226.6
-103.34	188.59	-227.08
-103.39	188.7	-227.57
-103.45	188.81	-228.05
-103.5	188.92	-228.53
-103.55	189.03	-229.02
-103.61	189.15	-229.5
-103.66	189.26	-229.99
-103.72	189.37	-230.47
-103.77	189.48	-230.96
-103.82	189.59	-231.44
-103.88	189.7	-231.92
-103.93	189.82	-232.41
-103.99	189.93	-232.89
-104.04	190.04	-233.38
-104.09	190.15	-233.86
-104.15	190.26	-234.35
-104.2	190.38	-234.83
-104.26	190.49	-235.32
-104.31	190.6	-235.8
-104.36	190.71	-236.28
-104.42	190.82	-236.77
-104.47	190.93	-237.25
-104.53	191.05	-237.74
-104.58	191.16	-238.22
-104.63	191.27	-238.71
-104.69	191.38	-239.19
-104.74	191.49	-239.67
-104.8	191.6	-240.16
-104.85	191.72	-240.64
-104.9	191.83	-241.13
-104.96	191.94	-241.61
-105.01	192.05	-242.1
-105.06	192.16	-242.58
-105.12	192.27	-243.07
-105.17	192.39	-243.55
-105.23	192.5	-244.03
-105.28	192.61	-244.52
-105.33	192.72	-245
-105.39	192.83	-245.49
-105.44	192.95	-245.97
-105.5	193.06	-246.46
-105.55	193.17	-246.94
-105.6	193.28	-247.42
-105.66	193.39	-247.91
-105.71	193.5	-248.39
-105.77	193.62	-248.88
-105.82	193.73	-249.36
-105.87	193.84	-249.85
-105.93	193.95	-250.33
-105.98	194.06	-250.81
-106.04	194.17	-251.3
-106.09	194.29	-251.78
-106.14	194.4	-252.27
-106.2	194.51	-252.75
-106.25	194.62	-253.24
-106.31	194.73	-253.72
-106.36	194.84	-254.21
-106.41	194.96	-254.69
-106.47	195.07	-255.17
-106.52	195.18	-255.66
-106.58	195.29	-256.14
-106.63	195.4	-256.63
-106.68	195.52	-257.11
-106.74	195.63	-257.6
-106.79	195.74	-258.08
-106.85	195.85	-258.56
-106.9	195.96	-259.05
-106.95	196.07	-259.53
-107.01	196.19	-260.02
-107.06	196.3	-260.5
-107.12	196.41	-260.99
-107.17	196.52	-261.47
-107.22	196.63	-261.96
-107.28	196.74	-262.44
-107.33	196.86	-262.92
-107.39	196.97	-263.41
-107.44	197.08	-263.89
-107.49	197.19	-264.38
-107.55	197.3	-264.86
-107.6	197.41	-265.35
-107.66	197.53	-265.83
-107.71	197.64	-266.31
-107.76	197.75	-266.8
-107.82	197.86	-267.28
-107.87	197.97	-267.77
-107.93	198.09	-268.25
-107.98	198.2	-268.74
-108.03	198.31	-269.22
-108.09	198.42	-269.7
-108.14	198.53	-270.19
-108.2	198.64	-270.67
-108.25	198.76	-271.16
-108.3	198.87	-271.64
-108.36	198.98	-272.13
-108.41	199.09	-272.61
-108.47	199.2	-273.1
-108.52	199.31	-273.58
-108.57	199.43	-274.06
-108.63	199.54	-274.55
-108.68	199.65	-275.03
-108.73	199.76	-275.52
-108.79	199.87	-276
-108.84	199.98	-276.49
-108.9	200.1	-276.97
-108.95	200.21	-277.45
-109	200.32	-277.94
-109.06	200.43	-278.42
-109.11	200.54	-278.91
-109.17	200.66	-279.39
-109.22	200.77	-279.88
-109.27	200.88	-280.36
-109.33	200.99	-280.84
-109.38	201.1	-281.33
-109.44	201.21	-281.81
-109.49	201.33	-282.3
-109.54	201.44	-282.78
-109.6	201.55	-283.27
-109.65	201.66	-283.75
-109.71	201.77	-284.24
-109.76	201.88	-284.72
-109.81	202	-285.2
-109.87	202.11	-285.69
-109.92	202.22	-286.17
-109.98	202.33	-286.66
-110.03	202.44	-287.14
-110.08	202.55	-287.63
-110.14	202.67	-288.11
-110.19	202.78	-288.59
-110.25	202.89	-289.08
-110.3	203	-289.56
-110.35	203.11	-290.05
-110.41	203.23	-290.53
-110.46	203.34	-291.02
-110.52	203.45	-291.5
-110.57	203.56	-291.99
-110.62	203.67	-292.47
-110.68	203.78	-292.95
-110.73	203.9	-293.44
-110.79	204.01	-293.92
-110.84	204.12	-294.41
-110.89	204.23	-294.89
-110.95	204.34	-295.38
-111	204.45	-295.86
-111.06	204.57	-296.34
-111.11	204.68	-296.83
-111.16	204.79	-297.31
-111.22	204.9	-297.8
-111.27	205.01	-298.28
-111.33	205.12	-298.77
-111.38	205.24	-299.25
-111.43	205.35	-299.73
-111.49	205.46	-300.22
-111.54	205.57	-300.7
-111.6	205.68	-301.19
-111.65	205.8	-301.67
-111.7	205.91	-302.16
-111.76	206.02	-302.64
-111.81	206.13	-303.13
-111.87	206.24	-303.61
-111.92	206.35	-304.09
-111.97	206.47	-304.58
-112.03	206.58	-305.06
-112.08	206.69	-305.55
-112.14	206.8	-306.03
-112.19	206.91	-306.52
-112.24	207.02	-307
-112.3	207.14	-307.48
-112.35	207.25	-307.97
-112.4	207.36	-308.45
-112.46	207.47	-308.94
-112.51	207.58	-309.42
-112.57	207.69	-309.91
-112.62	207.81	-310.39
-112.67	207.92	-310.88
-112.73	208.03	-311.36
-112.78	208.14	-311.84
-112.84	208.25	-312.33
-112.89	208.37	-312.81
-112.94	208.48	-313.3
-113	208.59	-313.78
-113.05	208.7	-314.27
-113.11	208.81	-314.75
-113.16	208.92	-315.23
-113.21	209.04	-315.72
-113.27	209.15	-316.2
-113.32	209.26	-316.69
-113.38	209.37	-317.17
-113.43	209.48	-317.66
-113.48	209.59	-318.14
-113.54	209.71	-318.62
-113.59	209.82	-319.11
-113.65	209.93	-319.59
-113.7	210.04	-320.08
-113.75	210.15	-320.56
-113.81	210.27	-321.05
-113.86	210.38	-321.53
-113.92	210.49	-322.02
-113.97	210.6	-322.5
-114.02	210.71	-322.98
-114.08	210.82	-323.47
-114.13	210.94	-323.95
-114.19	211.05	-324.44
-114.24	211.16	-324.92
-114.29	211.27	-325.41
-114.35	211.38	-325.89
-114.4	211.49	-326.37
-114.46	211.61	-326.86
-114.51	211.72	-327.34
-114.56	211.83	-327.83
-114.62	211.94	-328.31
-114.67	212.05	-328.8
-114.73	212.16	-329.28
-114.78	212.28	-329.76
-114.83	212.39	-330.25
-114.89	212.5	-330.73
-114.94	212.61	-331.22
-115	212.72	-331.7
-115.05	212.84	-332.19
-115.1	212.95	-332.67
-115.16	213.06	-333.16
-115.21	213.17	-333.64
-115.27	213.28	-334.12
-115.32	213.39	-334.61
-115.37	213.51	-335.09
-115.43	213.62	-335.58
-115.48	213.73	-336.06
-115.54	213.84	-336.55
-115.59	213.95	-337.03
-115.64	214.06	-337.51
-115.7	214.18	-338
-115.75	214.29	-338.48
-115.81	214.4	-338.97
-115.86	214.51	-339.45
-115.91	214.62	-339.94
-115.97	214.73	-340.42
-116.02	214.85	-340.91
-116.07	214.96	-341.39
-116.13	215.07	-341.87
-116.18	215.18	-342.36
-116.24	215.29	-342.84
-116.29	215.41	-343.33
-116.34	215.52	-343.81
-116.4	215.63	-344.3
-116.45	215.74	-344.78
-116.51	215.85	-345.26
-116.56	215.96	-345.75
-116.61	216.08	-346.23
-116.67	216.19	-346.72
-116.72	216.3	-347.2
-116.78	216.41	-347.69
-116.83	216.52	-348.17
-116.88	216.63	-348.65
-116.94	216.75	-349.14
-116.99	216.86	-349.62
-117.05	216.97	-350.11
-117.1	217.08	-350.59
-117.15	217.19	-351.08
-117.21	217.3	-351.56
-117.26	217.42	-352.05
-117.32	217.53	-352.53
-117.37	217.64	-353.01
-117.42	217.75	-353.5
-117.48	217.86	-353.98
-117.53	217.98	-354.47
-117.59	218.09	-354.95
-117.64	218.2	-355.44
-117.69	218.31	-355.92
-117.75	218.42	-356.4
-117.8	218.53	-356.89
-117.86	218.65	-357.37
-117.91	218.76	-357.86
-117.96	218.87	-358.34
-118.02	218.98	-358.83
-118.07	219.09	-359.31
-118.13	219.2	-359.8
-118.18	219.32	-360.28
-118.23	219.43	-360.76
-118.29	219.54	-361.25
-118.34	219.65	-361.73
-118.4	219.76	-362.22
-118.45	219.87	-362.7
-118.5	219.99	-363.19
-118.56	220.1	-363.67
-118.61	220.21	-364.15
-118.67	220.32	-364.64
-118.72	220.43	-365.12
-118.77	220.55	-365.61
-118.83	220.66	-366.09
-118.88	220.77	-366.58
-118.94	220.88	-367.06
-118.99	220.99	-367.54
-119.04	221.1	-368.03
-119.1	221.22	-368.51
-119.15	221.33	-369
-119.21	221.44	-369.48
-119.26	221.55	-369.97
-119.31	221.66	-370.45
-119.37	221.77	-370.94
-119.42	221.89	-371.42
-119.48	222	-371.9
-119.53	222.11	-372.39
-119.58	222.22	-372.87
-119.64	222.33	-373.36
-119.69	222.44	-373.84
-119.74	222.56	-374.33
-119.8	222.67	-374.81
-119.85	222.78	-375.29
-119.91	222.89	-375.78
-119.96	223	-376.26
-120.01	223.12	-376.75
-120.07	223.23	-377.23
-120.12	223.34	-377.72
-120.18	223.45	-378.2
-120.23	223.56	-378.68
-120.28	223.67	-379.17
-120.34	223.79	-379.65
-120.39	223.9	-380.14
-120.45	224.01	-380.62
-120.5	224.12	-381.11
-120.55	224.23	-381.59
-120.61	224.34	-382.08
-120.66	224.46	-382.56
-120.72	224.57	-383.04
-120.77	224.68	-383.53
-120.82	224.79	-384.01
-120.88	224.9	-384.5
-120.93	225.01	-384.98
-120.99	225.13	-385.47
-121.04	225.24	-385.95
-121.09	225.35	-386.43
-121.15	225.46	-386.92
-121.2	225.57	-387.4
-121.26	225.69	-387.89
-121.31	225.8	-388.37
-121.36	225.91	-388.86
-121.42	226.02	-389.34
-121.47	226.13	-389.83
-121.53	226.24	-390.31
-121.58	226.36	-390.79
-121.63	226.47	-391.28
-121.69	226.58	-391.76
-121.74	226.69	-392.25
-121.8	226.8	-392.73
-121.85	226.91	-393.22
-121.9	227.03	-393.7
-121.96	227.14	-394.18
-122.01	227.25	-394.67
-122.07	227.36	-395.15
-122.12	227.47	-395.64
-122.17	227.58	-396.12
-122.23	227.7	-396.61
-122.28	227.81	-397.09
-122.34	227.92	-397.57
-122.39	228.03	-398.06
-122.44	228.14	-398.54
-122.5	228.26	-399.03
-122.55	228.37	-399.51
-122.61	228.48	-400
-122.66	228.59	-400.48
-122.71	228.7	-400.97
-122.77	228.81	-401.45
-122.82	228.93	-401.93
-122.88	229.04	-402.42
-122.93	229.15	-402.9
-122.98	229.26	-403.39
-123.04	229.37	-403.87
-123.09	229.48	-404.36
-123.15	229.6	-404.84
-123.2	229.71	-405.32
-123.25	229.82	-405.81
-123.31	229.93	-406.29
-123.36	230.04	-406.78
-123.41	230.15	-407.26
-123.47	230.27	-407.75
-123.52	230.38	-408.23
-123.58	230.49	-408.72
-123.63	230.6	-409.2
-123.68	230.71	-409.68
-123.74	230.83	-410.17
-123.79	230.94	-410.65
-123.85	231.05	-411.14
-123.9	231.16	-411.62
-123.95	231.27	-412.11
-124.01	231.38	-412.59
-124.06	231.5	-413.07
-124.12	231.61	-413.56
-124.17	231.72	-414.04
-124.22	231.83	-414.53
-124.28	231.94	-415.01
-124.33	232.05	-415.5
-124.39	232.17	-415.98
-124.44	232.28	-416.46
-124.49	232.39	-416.95
-124.55	232.5	-417.43
-124.6	232.61	-417.92
-124.66	232.72	-418.4
-124.71	232.84	-418.89
-124.76	232.95	-419.37
-124.82	233.06	-419.86
-124.87	233.17	-420.34
-124.93	233.28	-420.82
-124.98	233.4	-421.31
-125.03	233.51	-421.79
-125.09	233.62	-422.28
-125.14	233.73	-422.76
-125.2	233.84	-423.25
-125.25	233.95	-423.73
-125.3	234.07	-424.21
-125.36	234.18	-424.7
-125.41	234.29	-425.18
-125.47	234.4	-425.67
-125.52	234.51	-426.15
-125.57	234.62	-426.64
-125.63	234.74	-427.12
-125.68	234.85	-427.6
-125.74	234.96	-428.09
-125.79	235.07	-428.57
-125.84	235.18	-429.06
-125.9	235.29	-429.54
-125.95	235.41	-430.03
-126.01	235.52	-430.51
-126.06	235.63	-431
-126.11	235.74	-431.48
-126.17	235.85	-431.96
-126.22	235.97	-432.45
-126.28	236.08	-432.93
-126.33	236.19	-433.42
-126.38	236.3	-433.9
-126.44	236.41	-434.39
-126.49	236.52	-434.87
-126.55	236.64	-435.35
-126.6	236.75	-435.84
-126.65	236.86	-436.32
-126.71	236.97	-436.81
-126.76	237.08	-437.29
-126.82	237.19	-437.78
-126.87	237.31	-438.26
-126.92	237.42	-438.75
-126.98	237.53	-439.23
-127.03	237.64	-439.71
-127.08	237.75	-440.2
-127.14	237.86	-440.68
-127.19	237.98	-441.17
-127.25	238.09	-441.65
-127.3	238.2	-442.14
-127.35	238.31	-442.62
-127.41	238.42	-443.1
-127.46	238.54	-443.59
-127.52	238.65	-444.07
-127.57	238.76	-444.56
-127.62	238.87	-445.04
-127.68	238.98	-445.53
-127.73	239.09	-446.01
-127.79	239.21	-446.49
-127.84	239.32	-446.98
-127.89	239.43	-447.46
-127.95	239.54	-447.95
-128	239.65	-448.43
-128.06	239.76	-448.92
-128.11	239.88	-449.4
-128.16	239.99	-449.89
-128.22	240.1	-450.37
-128.27	240.21	-450.85
-128.33	240.32	-451.34
-128.38	240.44	-451.82
-128.43	240.55	-452.31
-128.49	240.66	-452.79
-128.54	240.77	-453.28
-128.6	240.88	-453.76
-128.65	240.99	-454.24
-128.7	241.11	-454.73
-128.76	241.22	-455.21
-128.81	241.33	-455.7
-128.87	241.44	-456.18
-128.92	241.55	-456.67
-128.97	241.66	-457.15
-129.03	241.78	-457.64
-129.08	241.89	-458.12
-129.14	242	-458.6
-129.19	242.11	-459.09
-129.24	242.22	-459.57
-129.3	242.33	-460.06
-129.35	242.45	-460.54
-129.41	242.56	-461.03
-129.46	242.67	-461.51
-129.51	242.78	-461.99
-129.57	242.89	-462.48
-129.62	243.01	-462.96
-129.68	243.12	-463.45
-129.73	243.23	-463.93
-129.78	243.34	-464.42
-129.84	243.45	-464.9
-129.89	243.56	-465.38
-129.95	243.68	-465.87
-130	243.79	-466.35
-130.05	243.9	-466.84
-130.11	244.01	-467.32
-130.16	244.12	-467.81
-130.22	244.23	-468.29
-130.27	244.35	-468.78
-130.32	244.46	-469.26
-130.38	244.57	-469.74
-130.43	244.68	-470.23
-130.49	244.79	-470.71
-130.54	244.9	-471.2
-130.59	245.02	-471.68
-130.65	245.13	-472.17
-130.7	245.24	-472.65
-130.75	245.35	-473.13
-130.81	245.46	-473.62
-130.86	245.58	-474.1
-130.92	245.69	-474.59
-130.97	245.8	-475.07
-131.02	245.91	-475.56
-131.08	246.02	-476.04
-131.13	246.13	-476.52
-131.19	246.25	-477.01
-131.24	246.36	-477.49
-131.29	246.47	-477.98
-131.35	246.58	-478.46
-131.4	246.69	-478.95
-131.46	246.8	-479.43
-131.51	246.92	-479.92
-131.56	247.03	-480.4
-131.62	247.14	-480.88
-131.67	247.25	-481.37
-131.73	247.36	-481.85
-131.78	247.47	-482.34
-131.83	247.59	-482.82
-131.89	247.7	-483.31
-131.94	247.81	-483.79
-132	247.92	-484.27
-132.05	248.03	-484.76
-132.1	248.15	-485.24
-132.16	248.26	-485.73
-132.21	248.37	-486.21
-132.27	248.48	-486.7
-132.32	248.59	-487.18
-132.37	248.7	-487.67
-132.43	248.82	-488.15
-132.48	248.93	-488.63
-132.54	249.04	-489.12
-132.59	249.15	-489.6
-132.64	249.26	-490.09
-132.7	249.37	-490.57
-132.75	249.49	-491.06
-132.81	249.6	-491.54
-132.86	249.71	-492.02
-132.91	249.82	-492.51
-132.97	249.93	-492.99
-133.02	250.04	-493.48
-133.08	250.16	-493.96
-133.13	250.27	-494.45
-133.18	250.38	-494.93
-133.24	250.49	-495.41
-133.29	250.6	-495.9
-133.35	250.72	-496.38
-133.4	250.83	-496.87
-133.45	250.94	-497.35
-133.51	251.05	-497.84
-133.56	251.16	-498.32
-133.62	251.27	-498.81
-133.67	251.39	-499.29
-133.72	251.5	-499.77
-133.78	251.61	-500.26
-133.83	251.72	-500.74
-133.89	251.83	-501.23
-133.94	251.94	-501.71
-133.99	252.06	-502.2
-134.05	252.17	-502.68
-134.1	252.28	-503.16
-134.16	252.39	-503.65
-134.21	252.5	-504.13
-134.26	252.61	-504.62
-134.32	252.73	-505.1
-134.37	252.84	-505.59
-134.42	252.95	-506.07
-134.48	253.06	-506.56
-134.53	253.17	-507.04
-134.59	253.29	-507.52
-134.64	253.4	-508.01
-134.69	253.51	-508.49
-134.75	253.62	-508.98
-134.8	253.73	-509.46
-134.86	253.84	-509.95
-134.91	253.96	-510.43
-134.96	254.07	-510.91
-135.02	254.18	-511.4
-135.07	254.29	-511.88
-135.13	254.4	-512.37
-135.18	254.51	-512.85
-135.23	254.63	-513.34
-135.29	254.74	-513.82
-135.34	254.85	-514.3
-135.4	254.96	-514.79
-135.45	255.07	-515.27
-135.5	255.18	-515.76
-135.56	255.3	-516.24
-135.61	255.41	-516.73
-135.67	255.52	-517.21
-135.72	255.63	-517.7
-135.77	255.74	-518.18
-135.83	255.86	-518.66
-135.88	255.97	-519.15
-135.94	256.08	-519.63
-135.99	256.19	-520.12
-136.04	256.3	-520.6
-136.1	256.41	-521.09
-136.15	256.53	-521.57
-136.21	256.64	-522.05
-136.26	256.75	-522.54
-136.31	256.86	-523.02
-136.37	256.97	-523.51
-136.42	257.08	-523.99
-136.48	257.2	-524.48
-136.53	257.31	-524.96
-136.58	257.42	-525.44
-136.64	257.53	-525.93
-136.69	257.64	-526.41
-136.75	257.75	-526.9
-136.8	257.87	-527.38
-136.85	257.98	-527.87
-136.91	258.09	-528.35
-136.96	258.2	-528.84
-137.02	258.31	-529.32
-137.07	258.43	-529.8
-137.12	258.54	-530.29
-137.18	258.65	-530.77
-137.23	258.76	-531.26
-137.29	258.87	-531.74
-137.34	258.98	-532.23
-137.39	259.1	-532.71
-137.45	259.21	-533.19
-137.5	259.32	-533.68
-137.56	259.43	-534.16
-137.61	259.54	-534.65
-137.66	259.65	-535.13
-137.72	259.77	-535.62
-137.77	259.88	-536.1
-137.83	259.99	-536.59
-137.88	260.1	-537.07
-137.93	260.21	-537.55
-137.99	260.32	-538.04
-138.04	260.44	-538.52
-138.09	260.55	-539.01
-138.15	260.66	-539.49
-138.2	260.77	-539.98
-138.26	260.88	-540.46
-138.31	261	-540.94
-138.36	261.11	-541.43
-138.42	261.22	-541.91
-138.47	261.33	-542.4
-138.53	261.44	-542.88
-138.58	261.55	-543.37
-138.63	261.67	-543.85
-138.69	261.78	-544.33
-138.74	261.89	-544.82
-138.8	262	-545.3
-138.85	262.11	-545.79
-138.9	262.22	-546.27
-138.96	262.34	-546.76
-139.01	262.45	-547.24
-139.07	262.56	-547.73
-139.12	262.67	-548.21
-139.17	262.78	-548.69
-139.23	262.89	-549.18
-139.28	263.01	-549.66
-139.34	263.12	-550.15
-139.39	263.23	-550.63
-139.44	263.34	-551.12
-139.5	263.45	-551.6
-139.55	263.57	-552.08
-139.61	263.68	-552.57
-139.66	263.79	-553.05
-139.71	263.9	-553.54
-139.77	264.01	-554.02
-139.82	264.12	-554.51
-139.88	264.24	-554.99
-139.93	264.35	-555.48
-139.98	264.46	-555.96
-140.04	264.57	-556.44
-140.09	264.68	-556.93
-140.15	264.79	-557.41
-140.2	264.91	-557.9
-140.25	265.02	-558.38
-140.31	265.13	-558.87
-140.36	265.24	-559.35
-140.42	265.35	-559.83
-140.47	265.46	-560.32
-140.52	265.58	-560.8
-140.58	265.69	-561.29
-140.63	265.8	-561.77
-140.69	265.91	-562.26
-140.74	266.02	-562.74
-140.79	266.14	-563.22
-140.85	266.25	-563.71
-140.9	266.36	-564.19
-140.96	266.47	-564.68
-141.01	266.58	-565.16
-141.06	266.69	-565.65
-141.12	266.81	-566.13
-141.17	266.92	-566.62
-141.23	267.03	-567.1
-141.28	267.14	-567.58
-141.33	267.25	-568.07
-141.39	267.36	-568.55
-141.44	267.48	-569.04
-141.5	267.59	-569.52
-141.55	267.7	-570.01
-141.6	267.81	-570.49
-141.66	267.92	-570.97
-141.71	268.03	-571.46
-141.76	268.15	-571.94
-141.82	268.26	-572.43
-141.87	268.37	-572.91
-141.93	268.48	-573.4
-141.98	268.59	-573.88
-142.03	268.71	-574.36
-142.09	268.82	-574.85
-142.14	268.93	-575.33
-142.2	269.04	-575.82
-142.25	269.15	-576.3
-142.3	269.26	-576.79
-142.36	269.38	-577.27
-142.41	269.49	-577.76
-142.47	269.6	-578.24
-142.52	269.71	-578.72
-142.57	269.82	-579.21
-142.63	269.93	-579.69
-142.68	270.05	-580.18
-142.74	270.16	-580.66
-142.79	270.27	-581.15
-142.84	270.38	-581.63
-142.9	270.49	-582.11
-142.95	270.61	-582.6
-143.01	270.72	-583.08
-143.06	270.83	-583.57
-143.11	270.94	-584.05
-143.17	271.05	-584.54
-143.22	271.16	-585.02
-143.28	271.28	-585.51
-143.33	271.39	-585.99
-143.38	271.5	-586.47
-143.44	271.61	-586.96
-143.49	271.72	-587.44
-143.55	271.83	-587.93
-143.6	271.95	-588.41
-143.65	272.06	-588.9
-143.71	272.17	-589.38
-143.76	272.28	-589.86
-143.82	272.39	-590.35
-143.87	272.5	-590.83
-143.92	272.62	-591.32
-143.98	272.73	-591.8
-144.03	272.84	-592.29
-144.09	272.95	-592.77
-144.14	273.06	-593.25
-144.19	273.18	-593.74
-144.25	273.29	-594.22
-144.3	273.4	-594.71
-144.36	273.51	-595.19
-144.41	273.62	-595.68
-144.46	273.73	-596.16
-144.52	273.85	-596.65
-144.57	273.96	-597.13
-144.63	274.07	-597.61
-144.68	274.18	-598.1
-144.73	274.29	-598.58
-144.79	274.4	-599.07
-144.84	274.52	-599.55
-144.9	274.63	-600.04
-144.95	274.74	-600.52
-145	274.85	-601
-145.06	274.96	-601.49
-145.11	275.07	-601.97
-145.17	275.19	-602.46
-145.22	275.3	-602.94
-145.27	275.41	-603.43
-145.33	275.52	-603.91
-145.38	275.63	-604.4
-145.43	275.75	-604.88
-145.49	275.86	-605.36
-145.54	275.97	-605.85
-145.6	276.08	-606.33
-145.65	276.19	-606.82
-145.7	276.3	-607.3
-145.76	276.42	-607.79
-145.81	276.53	-608.27
-145.87	276.64	-608.75
-145.92	276.75	-609.24
-145.97	276.86	-609.72
-146.03	276.97	-610.21
-146.08	277.09	-610.69
-146.14	277.2	-611.18
-146.19	277.31	-611.66
-146.24	277.42	-612.14
-146.3	277.53	-612.63
-146.35	277.64	-613.11
-146.41	277.76	-613.6
-146.46	277.87	-614.08
-146.51	277.98	-614.57
-146.57	278.09	-615.05
-146.62	278.2	-615.54
-146.68	278.32	-616.02
-146.73	278.43	-616.5
-146.78	278.54	-616.99
-146.84	278.65	-617.47
-146.89	278.76	-617.96
-146.95	278.87	-618.44
-147	278.99	-618.93
-147.05	279.1	-619.41
-147.11	279.21	-619.89
-147.16	279.32	-620.38
-147.22	279.43	-620.86
-147.27	279.54	-621.35
-147.32	279.66	-621.83
-147.38	279.77	-622.32
-147.43	279.88	-622.8
-147.49	279.99	-623.28
-147.54	280.1	-623.77
-147.59	280.21	-624.25
-147.65	280.33	-624.74
-147.7	280.44	-625.22
-147.76	280.55	-625.71
-147.81	280.66	-626.19
-147.86	280.77	-626.68
-147.92	280.89	-627.16
-147.97	281	-627.64
-148.03	281.11	-628.13
-148.08	281.22	-628.61
-148.13	281.33	-629.1
-148.19	281.44	-629.58
-148.24	281.56	-630.07
-148.3	281.67	-630.55
-148.35	281.78	-631.03
-148.4	281.89	-631.52
-148.46	282	-632
-148.51	282.11	-632.49
-148.57	282.23	-632.97
-148.62	282.34	-633.46
-148.67	282.45	-633.94
-148.73	282.56	-634.43
-148.78	282.67	-634.91
-148.84	282.78	-635.39
-148.89	282.9	-635.88
-148.94	283.01	-636.36
-149	283.12	-636.85
-149.05	283.23	-637.33
-149.1	283.34	-637.82
-149.16	283.46	-638.3
-149.21	283.57	-638.78
-149.27	283.68	-639.27
-149.32	283.79	-639.75
-149.37	283.9	-640.24
-149.43	284.01	-640.72
-149.48	284.13	-641.21
-149.54	284.24	-641.69
-149.59	284.35	-642.17
-149.64	284.46	-642.66
-149.7	284.57	-643.14
-149.75	284.68	-643.63
-149.81	284.8	-644.11
-149.86	284.91	-644.6
-149.91	285.02	-645.08
-149.97	285.13	-645.57
-150.02	285.24	-646.05
-150.08	285.35	-646.53
-150.13	285.47	-647.02
-150.18	285.58	-647.5
-150.24	285.69	-647.99
-150.29	285.8	-648.47
-150.35	285.91	-648.96
-150.4	286.03	-649.44
-150.45	286.14	-649.92
-150.51	286.25	-650.41
-150.56	286.36	-650.89
-150.62	286.47	-651.38
-150.67	286.58	-651.86
-150.72	286.7	-652.35
-150.78	286.81	-652.83
-150.83	286.92	-653.32
-150.89	287.03	-653.8
-150.94	287.14	-654.28
-150.99	287.25	-654.77
-151.05	287.37	-655.25
-151.1	287.48	-655.74
-151.16	287.59	-656.22
-151.21	287.7	-656.71
-151.26	287.81	-657.19
-151.32	287.92	-657.67
-151.37	288.04	-658.16
-151.43	288.15	-658.64
-151.48	288.26	-659.13
-151.53	288.37	-659.61
-151.59	288.48	-660.1
-151.64	288.6	-660.58
-151.7	288.71	-661.06
-151.75	288.82	-661.55
-151.8	288.93	-662.03
-151.86	289.04	-662.52
-151.91	289.15	-663
-151.97	289.27	-663.49
-152.02	289.38	-663.97
-152.07	289.49	-664.46
-152.13	289.6	-664.94
-152.18	289.71	-665.42
-152.24	289.82	-665.91
-152.29	289.94	-666.39
-152.34	290.05	-666.88
-152.4	290.16	-667.36
-152.45	290.27	-667.85
-152.51	290.38	-668.33
-152.56	290.49	-668.81
-152.61	290.61	-669.3
-152.67	290.72	-669.78
-152.72	290.83	-670.27
-152.77	290.94	-670.75
-152.83	291.05	-671.24
-152.88	291.17	-671.72
-152.94	291.28	-672.2
-152.99	291.39	-672.69
-153.04	291.5	-673.17
-153.1	291.61	-673.66
-153.15	291.72	-674.14
-153.21	291.84	-674.63
-153.26	291.95	-675.11
-153.31	292.06	-675.6
-153.37	292.17	-676.08
-153.42	292.28	-676.56
-153.48	292.39	-677.05
-153.53	292.51	-677.53
-153.58	292.62	-678.02
-153.64	292.73	-678.5
-153.69	292.84	-678.99
-153.75	292.95	-679.47
-153.8	293.06	-679.95
-153.85	293.18	-680.44
-153.91	293.29	-680.92
-153.96	293.4	-681.41
-154.02	293.51	-681.89
-154.07	293.62	-682.38
-154.12	293.74	-682.86
-154.18	293.85	-683.35
-154.23	293.96	-683.83
-154.29	294.07	-684.31
-154.34	294.18	-684.8
-154.39	294.29	-685.28
-154.45	294.41	-685.77
-154.5	294.52	-686.25
-154.56	294.63	-686.74
-154.61	294.74	-687.22
-154.66	294.85	-687.7
-154.72	294.96	-688.19
-154.77	295.08	-688.67
-154.83	295.19	-689.16
-154.88	295.3	-689.64
-154.93	295.41	-690.13
-154.99	295.52	-690.61
-155.04	295.63	-691.09
-155.1	295.75	-691.58
-155.15	295.86	-692.06
-155.2	295.97	-692.55
-155.26	296.08	-693.03
-155.31	296.19	-693.52
-155.37	296.31	-694
-155.42	296.42	-694.49
-155.47	296.53	-694.97
-155.53	296.64	-695.45
-155.58	296.75	-695.94
-155.64	296.86	-696.42
-155.69	296.98	-696.91
-155.74	297.09	-697.39
-155.8	297.2	-697.88
-155.85	297.31	-698.36
-155.91	297.42	-698.84
-155.96	297.53	-699.33
-156.01	297.65	-699.81
-156.07	297.76	-700.3
-156.12	297.87	-700.78
-156.18	297.98	-701.27
-156.23	298.09	-701.75
-156.28	298.2	-702.24
-156.34	298.32	-702.72
-156.39	298.43	-703.2
-156.44	298.54	-703.69
-156.5	298.65	-704.17
-156.55	298.76	-704.66
-156.61	298.88	-705.14
-156.66	298.99	-705.63
-156.71	299.1	-706.11
-156.77	299.21	-706.59
-156.82	299.32	-707.08
-156.88	299.43	-707.56
-156.93	299.55	-708.05
-156.98	299.66	-708.53
-157.04	299.77	-709.02
-157.09	299.88	-709.5
-157.15	299.99	-709.98
-157.2	300.1	-710.47
-157.25	300.22	-710.95
-157.31	300.33	-711.44
-157.36	300.44	-711.92
-157.42	300.55	-712.41
-157.47	300.66	-712.89
-157.52	300.78	-713.38
-157.58	300.89	-713.86
-157.63	301	-714.34
-157.69	301.11	-714.83
-157.74	301.22	-715.31
-157.79	301.33	-715.8
-157.85	301.45	-716.28
-157.9	301.56	-716.77
-157.96	301.67	-717.25
-158.01	301.78	-717.73
-158.06	301.89	-718.22
-158.12	302	-718.7
-158.17	302.12	-719.19
-158.23	302.23	-719.67
-158.28	302.34	-720.16
-158.33	302.45	-720.64
-158.39	302.56	-721.12
-158.44	302.67	-721.61
-158.5	302.79	-722.09
-158.55	302.9	-722.58
-158.6	303.01	-723.06
-158.66	303.12	-723.55
-158.71	303.23	-724.03
-158.77	303.35	-724.52
-158.82	303.46	-725
-158.87	303.57	-725.48
-158.93	303.68	-725.97
-158.98	303.79	-726.45
-159.04	303.9	-726.94
-159.09	304.02	-727.42
-159.14	304.13	-727.91
-159.2	304.24	-728.39
-159.25	304.35	-728.87
-159.31	304.46	-729.36
-159.36	304.57	-729.84
-159.41	304.69	-730.33
-159.47	304.8	-730.81
-159.52	304.91	-731.3
-159.58	305.02	-731.78
-159.63	305.13	-732.27
-159.68	305.24	-732.75
-159.74	305.36	-733.23
-159.79	305.47	-733.72
-159.85	305.58	-734.2
-159.9	305.69	-734.69
-159.95	305.8	-735.17
-160.01	305.92	-735.66
-160.06	306.03	-736.14
-160.11	306.14	-736.62
-160.17	306.25	-737.11
-160.22	306.36	-737.59
-160.28	306.47	-738.08
-160.33	306.59	-738.56
-160.38	306.7	-739.05
-160.44	306.81	-739.53
-160.49	306.92	-740.01
-160.55	307.03	-740.5
-160.6	307.14	-740.98
-160.65	307.26	-741.47
-160.71	307.37	-741.95
-160.76	307.48	-742.44
-160.82	307.59	-742.92
-160.87	307.7	-743.41
