-48.385	55.221	917.34
-48.354	55.304	916.85
-48.324	55.388	916.36
-48.293	55.472	915.87
-48.262	55.556	915.38
-48.232	55.639	914.88
-48.201	55.723	914.39
-48.17	55.807	913.9
-48.14	55.891	913.41
-48.109	55.974	912.92
-48.079	56.058	912.42
-48.048	56.142	911.93
-48.017	56.226	911.44
-47.987	56.309	910.95
-47.956	56.393	910.46
-47.926	56.477	909.96
-47.895	56.56	909.47
-47.864	56.644	908.98
-47.834	56.728	908.49
-47.803	56.812	908
-47.772	56.895	907.5
-47.742	56.979	907.01
-47.711	57.063	906.52
-47.681	57.147	906.03
-47.65	57.23	905.54
-47.619	57.314	905.04
-47.589	57.398	904.55
-47.558	57.482	904.06
-47.528	57.565	903.57
-47.497	57.649	903.08
-47.466	57.733	902.58
-47.436	57.816	902.09
-47.405	57.9	901.6
-47.374	57.984	901.11
-47.344	58.068	900.62
-47.313	58.151	900.12
-47.283	58.235	899.63
-47.252	58.319	899.14
-47.221	58.403	898.65
-47.191	58.486	898.16
-47.16	58.57	897.66
-47.13	58.654	897.17
-47.099	58.738	896.68
-47.068	58.821	896.19
-47.038	58.905	895.7
-47.007	58.989	895.2
-46.976	59.073	894.71
-46.946	59.156	894.22
-46.915	59.24	893.73
-46.885	59.324	893.24
-46.854	59.407	892.74
-46.823	59.491	892.25
-46.793	59.575	891.76
-46.762	59.659	891.27
-46.732	59.742	890.78
-46.701	59.826	890.28
-46.67	59.91	889.79
-46.64	59.994	889.3
-46.609	60.077	888.81
-46.578	60.161	888.32
-46.548	60.245	887.82
-46.517	60.329	887.33
-46.487	60.412	886.84
-46.456	60.496	886.35
-46.425	60.58	885.86
-46.395	60.663	885.36
-46.364	60.747	884.87
-46.334	60.831	884.38
-46.303	60.915	883.89
-46.272	60.998	883.4
-46.242	61.082	882.9
-46.211	61.166	882.41
-46.181	61.25	881.92
-46.15	61.333	881.43
-46.119	61.417	880.94
-46.089	61.501	880.44
-46.058	61.585	879.95
-46.027	61.668	879.46
-45.997	61.752	878.97
-45.966	61.836	878.48
-45.936	61.92	877.98
-45.905	62.003	877.49
-45.874	62.087	877
-45.844	62.171	876.51
-45.813	62.254	876.02
-45.783	62.338	875.52
-45.752	62.422	875.03
-45.721	62.506	874.54
-45.691	62.589	874.05
-45.66	62.673	873.56
-45.629	62.757	873.06
-45.599	62.841	872.57
-45.568	62.924	872.08
-45.538	63.008	871.59
-45.507	63.092	871.1
-45.476	63.176	870.6
-45.446	63.259	870.11
-45.415	63.343	869.62
-45.385	63.427	869.13
-45.354	63.51	868.64
-45.323	63.594	868.14
-45.293	63.678	867.65
-45.262	63.762	867.16
-45.231	63.845	866.67
-45.201	63.929	866.18
-45.17	64.013	865.69
-45.14	64.097	865.19
-45.109	64.18	864.7
-45.078	64.264	864.21
-45.048	64.348	863.72
-45.017	64.432	863.23
-44.987	64.515	862.73
-44.956	64.599	862.24
-44.925	64.683	861.75
-44.895	64.766	861.26
-44.864	64.85	860.77
-44.833	64.934	860.27
-44.803	65.018	859.78
-44.772	65.101	859.29
-44.742	65.185	858.8
-44.711	65.269	858.31
-44.68	65.353	857.81
-44.65	65.436	857.32
-44.619	65.52	856.83
-44.589	65.604	856.34
-44.558	65.688	855.85
-44.527	65.771	855.35
-44.497	65.855	854.86
-44.466	65.939	854.37
-44.436	66.023	853.88
-44.405	66.106	853.39
-44.374	66.19	852.89
-44.344	66.274	852.4
-44.313	66.357	851.91
-44.282	66.441	851.42
-44.252	66.525	850.93
-44.221	66.609	850.43
-44.191	66.692	849.94
-44.16	66.776	849.45
-44.129	66.86	848.96
-44.099	66.944	848.47
-44.068	67.027	847.97
-44.038	67.111	847.48
-44.007	67.195	846.99
-43.976	67.279	846.5
-43.946	67.362	846.01
-43.915	67.446	845.51
-43.884	67.53	845.02
-43.854	67.613	844.53
-43.823	67.697	844.04
-43.793	67.781	843.55
-43.762	67.865	843.05
-43.731	67.948	842.56
-43.701	68.032	842.07
-43.67	68.116	841.58
-43.64	68.2	841.09
-43.609	68.283	840.59
-43.578	68.367	840.1
-43.548	68.451	839.61
-43.517	68.535	839.12
-43.486	68.618	838.63
-43.456	68.702	838.13
-43.425	68.786	837.64
-43.395	68.869	837.15
-43.364	68.953	836.66
-43.333	69.037	836.17
-43.303	69.121	835.67
-43.272	69.204	835.18
-43.242	69.288	834.69
-43.211	69.372	834.2
-43.18	69.456	833.71
-43.15	69.539	833.21
-43.119	69.623	832.72
-43.088	69.707	832.23
-43.058	69.791	831.74
-43.027	69.874	831.25
-42.997	69.958	830.75
-42.966	70.042	830.26
-42.935	70.126	829.77
-42.905	70.209	829.28
-42.874	70.293	828.79
-42.844	70.377	828.29
-42.813	70.46	827.8
-42.782	70.544	827.31
-42.752	70.628	826.82
-42.721	70.712	826.33
-42.69	70.795	825.83
-42.66	70.879	825.34
-42.629	70.963	824.85
-42.599	71.047	824.36
-42.568	71.13	823.87
-42.537	71.214	823.37
-42.507	71.298	822.88
-42.476	71.382	822.39
-42.446	71.465	821.9
-42.415	71.549	821.41
-42.384	71.633	820.91
-42.354	71.716	820.42
-42.323	71.8	819.93
-42.293	71.884	819.44
-42.262	71.968	818.95
-42.231	72.051	818.45
-42.201	72.135	817.96
-42.17	72.219	817.47
-42.139	72.303	816.98
-42.109	72.386	816.49
-42.078	72.47	815.99
-42.048	72.554	815.5
-42.017	72.638	815.01
-41.986	72.721	814.52
-41.956	72.805	814.03
-41.925	72.889	813.53
-41.895	72.972	813.04
-41.864	73.056	812.55
-41.833	73.14	812.06
-41.803	73.224	811.57
-41.772	73.307	811.07
-41.741	73.391	810.58
-41.711	73.475	810.09
-41.68	73.559	809.6
-41.65	73.642	809.11
-41.619	73.726	808.61
-41.588	73.81	808.12
-41.558	73.894	807.63
-41.527	73.977	807.14
-41.497	74.061	806.65
-41.466	74.145	806.15
-41.435	74.229	805.66
-41.405	74.312	805.17
-41.374	74.396	804.68
-41.343	74.48	804.19
-41.313	74.563	803.69
-41.282	74.647	803.2
-41.252	74.731	802.71
-41.221	74.815	802.22
-41.19	74.898	801.73
-41.16	74.982	801.23
-41.129	75.066	800.74
-41.099	75.15	800.25
-41.068	75.233	799.76
-41.037	75.317	799.27
-41.007	75.401	798.77
-40.976	75.485	798.28
-40.945	75.568	797.79
-40.915	75.652	797.3
-40.884	75.736	796.81
-40.854	75.819	796.31
-40.823	75.903	795.82
-40.792	75.987	795.33
-40.762	76.071	794.84
-40.731	76.154	794.35
-40.701	76.238	793.85
-40.67	76.322	793.36
-40.639	76.406	792.87
-40.609	76.489	792.38
-40.578	76.573	791.89
-40.548	76.657	791.39
-40.517	76.741	790.9
-40.486	76.824	790.41
-40.456	76.908	789.92
-40.425	76.992	789.43
-40.394	77.076	788.94
-40.364	77.159	788.44
-40.333	77.243	787.95
-40.303	77.327	787.46
-40.272	77.41	786.97
-40.241	77.494	786.48
-40.211	77.578	785.98
-40.18	77.662	785.49
-40.15	77.745	785
-40.119	77.829	784.51
-40.088	77.913	784.02
-40.058	77.997	783.52
-40.027	78.08	783.03
-39.996	78.164	782.54
-39.966	78.248	782.05
-39.935	78.332	781.56
-39.905	78.415	781.06
-39.874	78.499	780.57
-39.843	78.583	780.08
-39.813	78.666	779.59
-39.782	78.75	779.1
-39.752	78.834	778.6
-39.721	78.918	778.11
-39.69	79.001	777.62
-39.66	79.085	777.13
-39.629	79.169	776.64
-39.598	79.253	776.14
-39.568	79.336	775.65
-39.537	79.42	775.16
-39.507	79.504	774.67
-39.476	79.588	774.18
-39.445	79.671	773.68
-39.415	79.755	773.19
-39.384	79.839	772.7
-39.354	79.922	772.21
-39.323	80.006	771.72
-39.292	80.09	771.22
-39.262	80.174	770.73
-39.231	80.257	770.24
-39.2	80.341	769.75
-39.17	80.425	769.26
-39.139	80.509	768.76
-39.109	80.592	768.27
-39.078	80.676	767.78
-39.047	80.76	767.29
-39.017	80.844	766.8
-38.986	80.927	766.3
-38.956	81.011	765.81
-38.925	81.095	765.32
-38.894	81.179	764.83
-38.864	81.262	764.34
-38.833	81.346	763.84
-38.802	81.43	763.35
-38.772	81.513	762.86
-38.741	81.597	762.37
-38.711	81.681	761.88
-38.68	81.765	761.38
-38.649	81.848	760.89
-38.619	81.932	760.4
-38.588	82.016	759.91
-38.558	82.1	759.42
-38.527	82.183	758.92
-38.496	82.267	758.43
-38.466	82.351	757.94
-38.435	82.435	757.45
-38.405	82.518	756.96
-38.374	82.602	756.46
-38.343	82.686	755.97
-38.313	82.769	755.48
-38.282	82.853	754.99
-38.251	82.937	754.5
-38.221	83.021	754
-38.19	83.104	753.51
-38.16	83.188	753.02
-38.129	83.272	752.53
-38.098	83.356	752.04
-38.068	83.439	751.54
-38.037	83.523	751.05
-38.007	83.607	750.56
-37.976	83.691	750.07
-37.945	83.774	749.58
-37.915	83.858	749.08
-37.884	83.942	748.59
-37.853	84.025	748.1
-37.823	84.109	747.61
-37.792	84.193	747.12
-37.762	84.277	746.62
-37.731	84.36	746.13
-37.7	84.444	745.64
-37.67	84.528	745.15
-37.639	84.612	744.66
-37.609	84.695	744.16
-37.578	84.779	743.67
-37.547	84.863	743.18
-37.517	84.947	742.69
-37.486	85.03	742.2
-37.455	85.114	741.7
-37.425	85.198	741.21
-37.394	85.282	740.72
-37.364	85.365	740.23
-37.333	85.449	739.74
-37.302	85.533	739.24
-37.272	85.616	738.75
-37.241	85.7	738.26
-37.211	85.784	737.77
-37.18	85.868	737.28
-37.149	85.951	736.78
-37.119	86.035	736.29
-37.088	86.119	735.8
-37.057	86.203	735.31
-37.027	86.286	734.82
-36.996	86.37	734.32
-36.966	86.454	733.83
-36.935	86.538	733.34
-36.904	86.621	732.85
-36.874	86.705	732.36
-36.843	86.789	731.86
-36.813	86.872	731.37
-36.782	86.956	730.88
-36.751	87.04	730.39
-36.721	87.124	729.9
-36.69	87.207	729.4
-36.659	87.291	728.91
-36.629	87.375	728.42
-36.598	87.459	727.93
-36.568	87.542	727.44
-36.537	87.626	726.94
-36.506	87.71	726.45
-36.476	87.794	725.96
-36.445	87.877	725.47
-36.415	87.961	724.98
-36.384	88.045	724.48
-36.353	88.128	723.99
-36.323	88.212	723.5
-36.292	88.296	723.01
-36.262	88.38	722.52
-36.231	88.463	722.02
-36.2	88.547	721.53
-36.17	88.631	721.04
-36.139	88.715	720.55
-36.108	88.798	720.06
-36.078	88.882	719.56
-36.047	88.966	719.07
-36.017	89.05	718.58
-35.986	89.133	718.09
-35.955	89.217	717.6
-35.925	89.301	717.1
-35.894	89.385	716.61
-35.864	89.468	716.12
-35.833	89.552	715.63
-35.802	89.636	715.14
-35.772	89.719	714.65
-35.741	89.803	714.15
-35.71	89.887	713.66
-35.68	89.971	713.17
-35.649	90.054	712.68
-35.619	90.138	712.19
-35.588	90.222	711.69
-35.557	90.306	711.2
-35.527	90.389	710.71
-35.496	90.473	710.22
-35.466	90.557	709.73
-35.435	90.641	709.23
-35.404	90.724	708.74
-35.374	90.808	708.25
-35.343	90.892	707.76
-35.312	90.975	707.27
-35.282	91.059	706.77
-35.251	91.143	706.28
-35.221	91.227	705.79
-35.19	91.31	705.3
-35.159	91.394	704.81
-35.129	91.478	704.31
-35.098	91.562	703.82
-35.068	91.645	703.33
-35.037	91.729	702.84
-35.006	91.813	702.35
-34.976	91.897	701.85
-34.945	91.98	701.36
-34.914	92.064	700.87
-34.884	92.148	700.38
-34.853	92.231	699.89
-34.823	92.315	699.39
-34.792	92.399	698.9
-34.761	92.483	698.41
-34.731	92.566	697.92
-34.7	92.65	697.43
-34.67	92.734	696.93
-34.639	92.818	696.44
-34.608	92.901	695.95
-34.578	92.985	695.46
-34.547	93.069	694.97
-34.517	93.153	694.47
-34.486	93.236	693.98
-34.455	93.32	693.49
-34.425	93.404	693
-34.394	93.488	692.51
-34.363	93.571	692.01
-34.333	93.655	691.52
-34.302	93.739	691.03
-34.272	93.822	690.54
-34.241	93.906	690.05
-34.21	93.99	689.55
-34.18	94.074	689.06
-34.149	94.157	688.57
-34.119	94.241	688.08
-34.088	94.325	687.59
-34.057	94.409	687.09
-34.027	94.492	686.6
-33.996	94.576	686.11
-33.965	94.66	685.62
-33.935	94.744	685.13
-33.904	94.827	684.63
-33.874	94.911	684.14
-33.843	94.995	683.65
-33.812	95.078	683.16
-33.782	95.162	682.67
-33.751	95.246	682.17
-33.721	95.33	681.68
-33.69	95.413	681.19
-33.659	95.497	680.7
-33.629	95.581	680.21
-33.598	95.665	679.71
-33.567	95.748	679.22
-33.537	95.832	678.73
-33.506	95.916	678.24
-33.476	96	677.75
-33.445	96.083	677.25
-33.414	96.167	676.76
-33.384	96.251	676.27
-33.353	96.335	675.78
-33.323	96.418	675.29
-33.292	96.502	674.79
-33.261	96.586	674.3
-33.231	96.669	673.81
-33.2	96.753	673.32
-33.169	96.837	672.83
-33.139	96.921	672.33
-33.108	97.004	671.84
-33.078	97.088	671.35
-33.047	97.172	670.86
-33.016	97.256	670.37
-32.986	97.339	669.87
-32.955	97.423	669.38
-32.925	97.507	668.89
-32.894	97.591	668.4
-32.863	97.674	667.91
-32.833	97.758	667.41
-32.802	97.842	666.92
-32.771	97.925	666.43
-32.741	98.009	665.94
-32.71	98.093	665.45
-32.68	98.177	664.95
-32.649	98.26	664.46
-32.618	98.344	663.97
-32.588	98.428	663.48
-32.557	98.512	662.99
-32.527	98.595	662.49
-32.496	98.679	662
-32.465	98.763	661.51
-32.435	98.847	661.02
-32.404	98.93	660.53
-32.374	99.014	660.03
-32.343	99.098	659.54
-32.312	99.181	659.05
-32.282	99.265	658.56
-32.251	99.349	658.07
-32.22	99.433	657.57
-32.19	99.516	657.08
-32.159	99.6	656.59
-32.129	99.684	656.1
-32.098	99.768	655.61
-32.067	99.851	655.11
-32.037	99.935	654.62
-32.006	100.02	654.13
-31.976	100.1	653.64
-31.945	100.19	653.15
-31.914	100.27	652.65
-31.884	100.35	652.16
-31.853	100.44	651.67
-31.822	100.52	651.18
-31.792	100.6	650.69
-31.761	100.69	650.19
-31.731	100.77	649.7
-31.7	100.86	649.21
-31.669	100.94	648.72
-31.639	101.02	648.23
-31.608	101.11	647.73
-31.578	101.19	647.24
-31.547	101.27	646.75
-31.516	101.36	646.26
-31.486	101.44	645.77
-31.455	101.53	645.27
-31.424	101.61	644.78
-31.394	101.69	644.29
-31.363	101.78	643.8
-31.333	101.86	643.31
-31.302	101.94	642.81
-31.271	102.03	642.32
-31.241	102.11	641.83
-31.21	102.2	641.34
-31.18	102.28	640.85
-31.149	102.36	640.35
-31.118	102.45	639.86
-31.088	102.53	639.37
-31.057	102.61	638.88
-31.026	102.7	638.39
-30.996	102.78	637.9
-30.965	102.87	637.4
-30.935	102.95	636.91
-30.904	103.03	636.42
-30.873	103.12	635.93
-30.843	103.2	635.44
-30.812	103.28	634.94
-30.782	103.37	634.45
-30.751	103.45	633.96
-30.72	103.54	633.47
-30.69	103.62	632.98
-30.659	103.7	632.48
-30.629	103.79	631.99
-30.598	103.87	631.5
-30.567	103.95	631.01
-30.537	104.04	630.52
-30.506	104.12	630.02
-30.475	104.21	629.53
-30.445	104.29	629.04
-30.414	104.37	628.55
-30.384	104.46	628.06
-30.353	104.54	627.56
-30.322	104.62	627.07
-30.292	104.71	626.58
-30.261	104.79	626.09
-30.231	104.88	625.6
-30.2	104.96	625.1
-30.169	105.04	624.61
-30.139	105.13	624.12
-30.108	105.21	623.63
-30.077	105.29	623.14
-30.047	105.38	622.64
-30.016	105.46	622.15
-29.986	105.55	621.66
-29.955	105.63	621.17
-29.924	105.71	620.68
-29.894	105.8	620.18
-29.863	105.88	619.69
-29.833	105.96	619.2
-29.802	106.05	618.71
-29.771	106.13	618.22
-29.741	106.22	617.72
-29.71	106.3	617.23
-29.679	106.38	616.74
-29.649	106.47	616.25
-29.618	106.55	615.76
-29.588	106.63	615.26
-29.557	106.72	614.77
-29.526	106.8	614.28
-29.496	106.89	613.79
-29.465	106.97	613.3
-29.435	107.05	612.8
-29.404	107.14	612.31
-29.373	107.22	611.82
-29.343	107.3	611.33
-29.312	107.39	610.84
-29.281	107.47	610.34
-29.251	107.55	609.85
-29.22	107.64	609.36
-29.19	107.72	608.87
-29.159	107.81	608.38
-29.128	107.89	607.88
-29.098	107.97	607.39
-29.067	108.06	606.9
-29.037	108.14	606.41
-29.006	108.22	605.92
-28.975	108.31	605.42
-28.945	108.39	604.93
-28.914	108.48	604.44
-28.883	108.56	603.95
-28.853	108.64	603.46
-28.822	108.73	602.96
-28.792	108.81	602.47
-28.761	108.89	601.98
-28.73	108.98	601.49
-28.7	109.06	601
-28.669	109.15	600.5
-28.639	109.23	600.01
-28.608	109.31	599.52
-28.577	109.4	599.03
-28.547	109.48	598.54
-28.516	109.56	598.04
-28.486	109.65	597.55
-28.455	109.73	597.06
-28.424	109.82	596.57
-28.394	109.9	596.08
-28.363	109.98	595.58
-28.332	110.07	595.09
-28.302	110.15	594.6
-28.271	110.23	594.11
-28.241	110.32	593.62
-28.21	110.4	593.12
-28.179	110.49	592.63
-28.149	110.57	592.14
-28.118	110.65	591.65
-28.088	110.74	591.16
-28.057	110.82	590.66
-28.026	110.9	590.17
-27.996	110.99	589.68
-27.965	111.07	589.19
-27.934	111.16	588.7
-27.904	111.24	588.2
-27.873	111.32	587.71
-27.843	111.41	587.22
-27.812	111.49	586.73
-27.781	111.57	586.24
-27.751	111.66	585.74
-27.72	111.74	585.25
-27.69	111.83	584.76
-27.659	111.91	584.27
-27.628	111.99	583.78
-27.598	112.08	583.28
-27.567	112.16	582.79
-27.536	112.24	582.3
-27.506	112.33	581.81
-27.475	112.41	581.32
-27.445	112.5	580.82
-27.414	112.58	580.33
-27.383	112.66	579.84
-27.353	112.75	579.35
-27.322	112.83	578.86
-27.292	112.91	578.36
-27.261	113	577.87
-27.23	113.08	577.38
-27.2	113.17	576.89
-27.169	113.25	576.4
-27.138	113.33	575.9
-27.108	113.42	575.41
-27.077	113.5	574.92
-27.047	113.58	574.43
-27.016	113.67	573.94
-26.985	113.75	573.44
-26.955	113.84	572.95
-26.924	113.92	572.46
-26.894	114	571.97
-26.863	114.09	571.48
-26.832	114.17	570.98
-26.802	114.25	570.49
-26.771	114.34	570
-26.741	114.42	569.51
-26.71	114.5	569.02
-26.679	114.59	568.52
-26.649	114.67	568.03
-26.618	114.76	567.54
-26.587	114.84	567.05
-26.557	114.92	566.56
-26.526	115.01	566.06
-26.496	115.09	565.57
-26.465	115.17	565.08
-26.434	115.26	564.59
-26.404	115.34	564.1
-26.373	115.43	563.6
-26.343	115.51	563.11
-26.312	115.59	562.62
-26.281	115.68	562.13
-26.251	115.76	561.64
-26.22	115.84	561.15
-26.189	115.93	560.65
-26.159	116.01	560.16
-26.128	116.1	559.67
-26.098	116.18	559.18
-26.067	116.26	558.69
-26.036	116.35	558.19
-26.006	116.43	557.7
-25.975	116.51	557.21
-25.945	116.6	556.72
-25.914	116.68	556.23
-25.883	116.77	555.73
-25.853	116.85	555.24
-25.822	116.93	554.75
-25.791	117.02	554.26
-25.761	117.1	553.77
-25.73	117.18	553.27
-25.7	117.27	552.78
-25.669	117.35	552.29
-25.638	117.44	551.8
-25.608	117.52	551.31
-25.577	117.6	550.81
-25.547	117.69	550.32
-25.516	117.77	549.83
-25.485	117.85	549.34
-25.455	117.94	548.85
-25.424	118.02	548.35
-25.393	118.11	547.86
-25.363	118.19	547.37
-25.332	118.27	546.88
-25.302	118.36	546.39
-25.271	118.44	545.89
-25.24	118.52	545.4
-25.21	118.61	544.91
-25.179	118.69	544.42
-25.149	118.78	543.93
-25.118	118.86	543.43
-25.087	118.94	542.94
-25.057	119.03	542.45
-25.026	119.11	541.96
-24.995	119.19	541.47
-24.965	119.28	540.97
-24.934	119.36	540.48
-24.904	119.45	539.99
-24.873	119.53	539.5
-24.842	119.61	539.01
-24.812	119.7	538.51
-24.781	119.78	538.02
-24.751	119.86	537.53
-24.72	119.95	537.04
-24.689	120.03	536.55
-24.659	120.12	536.05
-24.628	120.2	535.56
-24.598	120.28	535.07
-24.567	120.37	534.58
-24.536	120.45	534.09
-24.506	120.53	533.59
-24.475	120.62	533.1
-24.444	120.7	532.61
-24.414	120.79	532.12
-24.383	120.87	531.63
-24.353	120.95	531.13
-24.322	121.04	530.64
-24.291	121.12	530.15
-24.261	121.2	529.66
-24.23	121.29	529.17
-24.2	121.37	528.67
-24.169	121.45	528.18
-24.138	121.54	527.69
-24.108	121.62	527.2
-24.077	121.71	526.71
-24.046	121.79	526.21
-24.016	121.87	525.72
-23.985	121.96	525.23
-23.955	122.04	524.74
-23.924	122.12	524.25
-23.893	122.21	523.75
-23.863	122.29	523.26
-23.832	122.38	522.77
-23.802	122.46	522.28
-23.771	122.54	521.79
-23.74	122.63	521.29
-23.71	122.71	520.8
-23.679	122.79	520.31
-23.648	122.88	519.82
-23.618	122.96	519.33
-23.587	123.05	518.83
-23.557	123.13	518.34
-23.526	123.21	517.85
-23.495	123.3	517.36
-23.465	123.38	516.87
-23.434	123.46	516.37
-23.404	123.55	515.88
-23.373	123.63	515.39
-23.342	123.72	514.9
-23.312	123.8	514.41
-23.281	123.88	513.91
-23.25	123.97	513.42
-23.22	124.05	512.93
-23.189	124.13	512.44
-23.159	124.22	511.95
-23.128	124.3	511.45
-23.097	124.39	510.96
-23.067	124.47	510.47
-23.036	124.55	509.98
-23.006	124.64	509.49
-22.975	124.72	508.99
-22.944	124.8	508.5
-22.914	124.89	508.01
-22.883	124.97	507.52
-22.853	125.06	507.03
-22.822	125.14	506.53
-22.791	125.22	506.04
-22.761	125.31	505.55
-22.73	125.39	505.06
-22.699	125.47	504.57
-22.669	125.56	504.07
-22.638	125.64	503.58
-22.608	125.73	503.09
-22.577	125.81	502.6
-22.546	125.89	502.11
-22.516	125.98	501.61
-22.485	126.06	501.12
-22.455	126.14	500.63
-22.424	126.23	500.14
-22.393	126.31	499.65
-22.363	126.4	499.15
-22.332	126.48	498.66
-22.301	126.56	498.17
-22.271	126.65	497.68
-22.24	126.73	497.19
-22.21	126.81	496.69
-22.179	126.9	496.2
-22.148	126.98	495.71
-22.118	127.07	495.22
-22.087	127.15	494.73
-22.057	127.23	494.23
-22.026	127.32	493.74
-21.995	127.4	493.25
-21.965	127.48	492.76
-21.934	127.57	492.27
-21.903	127.65	491.77
-21.873	127.74	491.28
-21.842	127.82	490.79
-21.812	127.9	490.3
-21.781	127.99	489.81
-21.75	128.07	489.31
-21.72	128.15	488.82
-21.689	128.24	488.33
-21.659	128.32	487.84
-21.628	128.4	487.35
-21.597	128.49	486.86
-21.567	128.57	486.36
-21.536	128.66	485.87
-21.505	128.74	485.38
-21.475	128.82	484.89
-21.444	128.91	484.4
-21.414	128.99	483.9
-21.383	129.07	483.41
-21.352	129.16	482.92
-21.322	129.24	482.43
-21.291	129.33	481.94
-21.261	129.41	481.44
-21.23	129.49	480.95
-21.199	129.58	480.46
-21.169	129.66	479.97
-21.138	129.74	479.48
-21.107	129.83	478.98
-21.077	129.91	478.49
-21.046	130	478
-21.016	130.08	477.51
-20.985	130.16	477.02
-20.954	130.25	476.52
-20.924	130.33	476.03
-20.893	130.41	475.54
-20.863	130.5	475.05
-20.832	130.58	474.56
-20.801	130.67	474.06
-20.771	130.75	473.57
-20.74	130.83	473.08
-20.71	130.92	472.59
-20.679	131	472.1
-20.648	131.08	471.6
-20.618	131.17	471.11
-20.587	131.25	470.62
-20.556	131.34	470.13
-20.526	131.42	469.64
-20.495	131.5	469.14
-20.465	131.59	468.65
-20.434	131.67	468.16
-20.403	131.75	467.67
-20.373	131.84	467.18
-20.342	131.92	466.68
-20.312	132.01	466.19
-20.281	132.09	465.7
-20.25	132.17	465.21
-20.22	132.26	464.72
-20.189	132.34	464.22
-20.158	132.42	463.73
-20.128	132.51	463.24
-20.097	132.59	462.75
-20.067	132.68	462.26
-20.036	132.76	461.76
-20.005	132.84	461.27
-19.975	132.93	460.78
-19.944	133.01	460.29
-19.914	133.09	459.8
-19.883	133.18	459.3
-19.852	133.26	458.81
-19.822	133.35	458.32
-19.791	133.43	457.83
-19.76	133.51	457.34
-19.73	133.6	456.84
-19.699	133.68	456.35
-19.669	133.76	455.86
-19.638	133.85	455.37
-19.607	133.93	454.88
-19.577	134.02	454.38
-19.546	134.1	453.89
-19.516	134.18	453.4
-19.485	134.27	452.91
-19.454	134.35	452.42
-19.424	134.43	451.92
-19.393	134.52	451.43
-19.362	134.6	450.94
-19.332	134.69	450.45
-19.301	134.77	449.96
-19.271	134.85	449.46
-19.24	134.94	448.97
-19.209	135.02	448.48
-19.179	135.1	447.99
-19.148	135.19	447.5
-19.118	135.27	447
-19.087	135.35	446.51
-19.056	135.44	446.02
-19.026	135.52	445.53
-18.995	135.61	445.04
-18.965	135.69	444.54
-18.934	135.77	444.05
-18.903	135.86	443.56
-18.873	135.94	443.07
-18.842	136.02	442.58
-18.811	136.11	442.08
-18.781	136.19	441.59
-18.75	136.28	441.1
-18.72	136.36	440.61
-18.689	136.44	440.12
-18.658	136.53	439.62
-18.628	136.61	439.13
-18.597	136.69	438.64
-18.567	136.78	438.15
-18.536	136.86	437.66
-18.505	136.95	437.16
-18.475	137.03	436.67
-18.444	137.11	436.18
-18.413	137.2	435.69
-18.383	137.28	435.2
-18.352	137.36	434.7
-18.322	137.45	434.21
-18.291	137.53	433.72
-18.26	137.62	433.23
-18.23	137.7	432.74
-18.199	137.78	432.24
-18.169	137.87	431.75
-18.138	137.95	431.26
-18.107	138.03	430.77
-18.077	138.12	430.28
-18.046	138.2	429.78
-18.015	138.29	429.29
-17.985	138.37	428.8
-17.954	138.45	428.31
-17.924	138.54	427.82
-17.893	138.62	427.32
-17.862	138.7	426.83
-17.832	138.79	426.34
-17.801	138.87	425.85
-17.771	138.96	425.36
-17.74	139.04	424.86
-17.709	139.12	424.37
-17.679	139.21	423.88
-17.648	139.29	423.39
-17.617	139.37	422.9
-17.587	139.46	422.4
-17.556	139.54	421.91
-17.526	139.63	421.42
-17.495	139.71	420.93
-17.464	139.79	420.44
-17.434	139.88	419.94
-17.403	139.96	419.45
-17.373	140.04	418.96
-17.342	140.13	418.47
-17.311	140.21	417.98
-17.281	140.3	417.48
-17.25	140.38	416.99
-17.219	140.46	416.5
-17.189	140.55	416.01
-17.158	140.63	415.52
-17.128	140.71	415.02
-17.097	140.8	414.53
-17.066	140.88	414.04
-17.036	140.97	413.55
-17.005	141.05	413.06
-16.975	141.13	412.56
-16.944	141.22	412.07
-16.913	141.3	411.58
-16.883	141.38	411.09
-16.852	141.47	410.6
-16.822	141.55	410.11
-16.791	141.64	409.61
-16.76	141.72	409.12
-16.73	141.8	408.63
-16.699	141.89	408.14
-16.668	141.97	407.65
-16.638	142.05	407.15
-16.607	142.14	406.66
-16.577	142.22	406.17
-16.546	142.3	405.68
-16.515	142.39	405.19
-16.485	142.47	404.69
-16.454	142.56	404.2
-16.424	142.64	403.71
-16.393	142.72	403.22
-16.362	142.81	402.73
-16.332	142.89	402.23
-16.301	142.97	401.74
-16.27	143.06	401.25
-16.24	143.14	400.76
-16.209	143.23	400.27
-16.179	143.31	399.77
-16.148	143.39	399.28
-16.117	143.48	398.79
-16.087	143.56	398.3
-16.056	143.64	397.81
-16.026	143.73	397.31
-15.995	143.81	396.82
-15.964	143.9	396.33
-15.934	143.98	395.84
-15.903	144.06	395.35
-15.872	144.15	394.85
-15.842	144.23	394.36
-15.811	144.31	393.87
-15.781	144.4	393.38
-15.75	144.48	392.89
-15.719	144.57	392.39
-15.689	144.65	391.9
-15.658	144.73	391.41
-15.628	144.82	390.92
-15.597	144.9	390.43
-15.566	144.98	389.93
-15.536	145.07	389.44
-15.505	145.15	388.95
-15.474	145.24	388.46
-15.444	145.32	387.97
-15.413	145.4	387.47
-15.383	145.49	386.98
-15.352	145.57	386.49
-15.321	145.65	386
-15.291	145.74	385.51
-15.26	145.82	385.01
-15.23	145.91	384.52
-15.199	145.99	384.03
-15.168	146.07	383.54
-15.138	146.16	383.05
-15.107	146.24	382.55
-15.077	146.32	382.06
-15.046	146.41	381.57
-15.015	146.49	381.08
-14.985	146.58	380.59
-14.954	146.66	380.09
-14.923	146.74	379.6
-14.893	146.83	379.11
-14.862	146.91	378.62
-14.832	146.99	378.13
-14.801	147.08	377.63
-14.77	147.16	377.14
-14.74	147.25	376.65
-14.709	147.33	376.16
-14.679	147.41	375.67
-14.648	147.5	375.17
-14.617	147.58	374.68
-14.587	147.66	374.19
-14.556	147.75	373.7
-14.525	147.83	373.21
-14.495	147.92	372.71
-14.464	148	372.22
-14.434	148.08	371.73
-14.403	148.17	371.24
-14.372	148.25	370.75
-14.342	148.33	370.25
-14.311	148.42	369.76
-14.281	148.5	369.27
-14.25	148.59	368.78
-14.219	148.67	368.29
-14.189	148.75	367.79
-14.158	148.84	367.3
-14.127	148.92	366.81
-14.097	149	366.32
-14.066	149.09	365.83
-14.036	149.17	365.33
-14.005	149.25	364.84
-13.974	149.34	364.35
-13.944	149.42	363.86
-13.913	149.51	363.37
-13.883	149.59	362.87
-13.852	149.67	362.38
-13.821	149.76	361.89
-13.791	149.84	361.4
-13.76	149.92	360.91
-13.729	150.01	360.41
-13.699	150.09	359.92
-13.668	150.18	359.43
-13.638	150.26	358.94
-13.607	150.34	358.45
-13.576	150.43	357.95
-13.546	150.51	357.46
-13.515	150.59	356.97
-13.485	150.68	356.48
-13.454	150.76	355.99
-13.423	150.85	355.49
-13.393	150.93	355
-13.362	151.01	354.51
-13.331	151.1	354.02
-13.301	151.18	353.53
-13.27	151.26	353.03
-13.24	151.35	352.54
-13.209	151.43	352.05
-13.178	151.52	351.56
-13.148	151.6	351.07
-13.117	151.68	350.57
-13.087	151.77	350.08
-13.056	151.85	349.59
-13.025	151.93	349.1
-12.995	152.02	348.61
-12.964	152.1	348.11
-12.934	152.19	347.62
-12.903	152.27	347.13
-12.872	152.35	346.64
-12.842	152.44	346.15
-12.811	152.52	345.65
-12.78	152.6	345.16
-12.75	152.69	344.67
-12.719	152.77	344.18
-12.689	152.86	343.69
-12.658	152.94	343.19
-12.627	153.02	342.7
-12.597	153.11	342.21
-12.566	153.19	341.72
-12.536	153.27	341.23
-12.505	153.36	340.73
-12.474	153.44	340.24
-12.444	153.53	339.75
-12.413	153.61	339.26
-12.382	153.69	338.77
-12.352	153.78	338.27
-12.321	153.86	337.78
-12.291	153.94	337.29
-12.26	154.03	336.8
-12.229	154.11	336.31
-12.199	154.2	335.81
-12.168	154.28	335.32
-12.138	154.36	334.83
-12.107	154.45	334.34
-12.076	154.53	333.85
-12.046	154.61	333.36
-12.015	154.7	332.86
-11.984	154.78	332.37
-11.954	154.87	331.88
-11.923	154.95	331.39
-11.893	155.03	330.9
-11.862	155.12	330.4
-11.831	155.2	329.91
-11.801	155.28	329.42
-11.77	155.37	328.93
-11.74	155.45	328.44
-11.709	155.54	327.94
-11.678	155.62	327.45
-11.648	155.7	326.96
-11.617	155.79	326.47
-11.586	155.87	325.98
-11.556	155.95	325.48
-11.525	156.04	324.99
-11.495	156.12	324.5
-11.464	156.2	324.01
-11.433	156.29	323.52
-11.403	156.37	323.02
-11.372	156.46	322.53
-11.342	156.54	322.04
-11.311	156.62	321.55
-11.28	156.71	321.06
-11.25	156.79	320.56
-11.219	156.87	320.07
-11.189	156.96	319.58
-11.158	157.04	319.09
-11.127	157.13	318.6
-11.097	157.21	318.1
-11.066	157.29	317.61
-11.035	157.38	317.12
-11.005	157.46	316.63
-10.974	157.54	316.14
-10.944	157.63	315.64
-10.913	157.71	315.15
-10.882	157.8	314.66
-10.852	157.88	314.17
-10.821	157.96	313.68
-10.791	158.05	313.18
-10.76	158.13	312.69
-10.729	158.21	312.2
-10.699	158.3	311.71
-10.668	158.38	311.22
-10.637	158.47	310.72
-10.607	158.55	310.23
-10.576	158.63	309.74
-10.546	158.72	309.25
-10.515	158.8	308.76
-10.484	158.88	308.26
-10.454	158.97	307.77
-10.423	159.05	307.28
-10.393	159.14	306.79
-10.362	159.22	306.3
-10.331	159.3	305.8
-10.301	159.39	305.31
-10.27	159.47	304.82
-10.239	159.55	304.33
-10.209	159.64	303.84
-10.178	159.72	303.34
-10.148	159.81	302.85
-10.117	159.89	302.36
-10.086	159.97	301.87
-10.056	160.06	301.38
-10.025	160.14	300.88
-9.9945	160.22	300.39
-9.9639	160.31	299.9
-9.9333	160.39	299.41
-9.9027	160.48	298.92
-9.8721	160.56	298.42
-9.8415	160.64	297.93
-9.8109	160.73	297.44
-9.7802	160.81	296.95
-9.7496	160.89	296.46
-9.719	160.98	295.96
-9.6884	161.06	295.47
-9.6578	161.15	294.98
-9.6272	161.23	294.49
-9.5966	161.31	294
-9.5659	161.4	293.5
-9.5353	161.48	293.01
-9.5047	161.56	292.52
-9.4741	161.65	292.03
-9.4435	161.73	291.54
-9.4129	161.82	291.04
-9.3823	161.9	290.55
-9.3516	161.98	290.06
-9.321	162.07	289.57
-9.2904	162.15	289.08
-9.2598	162.23	288.58
-9.2292	162.32	288.09
-9.1986	162.4	287.6
-9.168	162.48	287.11
-9.1374	162.57	286.62
-9.1067	162.65	286.12
-9.0761	162.74	285.63
-9.0455	162.82	285.14
-9.0149	162.9	284.65
-8.9843	162.99	284.16
-8.9537	163.07	283.66
-8.9231	163.15	283.17
-8.8924	163.24	282.68
-8.8618	163.32	282.19
-8.8312	163.41	281.7
-8.8006	163.49	281.2
-8.77	163.57	280.71
-8.7394	163.66	280.22
-8.7088	163.74	279.73
-8.6781	163.82	279.24
-8.6475	163.91	278.74
-8.6169	163.99	278.25
-8.5863	164.08	277.76
-8.5557	164.16	277.27
-8.5251	164.24	276.78
-8.4945	164.33	276.28
-8.4638	164.41	275.79
-8.4332	164.49	275.3
-8.4026	164.58	274.81
-8.372	164.66	274.32
-8.3414	164.75	273.82
-8.3108	164.83	273.33
-8.2802	164.91	272.84
-8.2495	165	272.35
-8.2189	165.08	271.86
-8.1883	165.16	271.36
-8.1577	165.25	270.87
-8.1271	165.33	270.38
-8.0965	165.42	269.89
-8.0659	165.5	269.4
-8.0352	165.58	268.9
-8.0046	165.67	268.41
-7.974	165.75	267.92
-7.9434	165.83	267.43
-7.9128	165.92	266.94
-7.8822	166	266.44
-7.8516	166.09	265.95
-7.8209	166.17	265.46
-7.7903	166.25	264.97
-7.7597	166.34	264.48
-7.7291	166.42	263.98
-7.6985	166.5	263.49
-7.6679	166.59	263
-7.6373	166.67	262.51
-7.6066	166.76	262.02
-7.576	166.84	261.52
-7.5454	166.92	261.03
-7.5148	167.01	260.54
-7.4842	167.09	260.05
-7.4536	167.17	259.56
-7.423	167.26	259.07
-7.3923	167.34	258.57
-7.3617	167.43	258.08
-7.3311	167.51	257.59
-7.3005	167.59	257.1
-7.2699	167.68	256.61
-7.2393	167.76	256.11
-7.2087	167.84	255.62
-7.178	167.93	255.13
-7.1474	168.01	254.64
-7.1168	168.1	254.15
-7.0862	168.18	253.65
-7.0556	168.26	253.16
-7.025	168.35	252.67
-6.9944	168.43	252.18
-6.9637	168.51	251.69
-6.9331	168.6	251.19
-6.9025	168.68	250.7
-6.8719	168.77	250.21
-6.8413	168.85	249.72
-6.8107	168.93	249.23
-6.7801	169.02	248.73
-6.7494	169.1	248.24
-6.7188	169.18	247.75
-6.6882	169.27	247.26
-6.6576	169.35	246.77
-6.627	169.43	246.27
-6.5964	169.52	245.78
-6.5658	169.6	245.29
-6.5351	169.69	244.8
-6.5045	169.77	244.31
-6.4739	169.85	243.81
-6.4433	169.94	243.32
-6.4127	170.02	242.83
-6.3821	170.1	242.34
-6.3515	170.19	241.85
-6.3208	170.27	241.35
-6.2902	170.36	240.86
-6.2596	170.44	240.37
-6.229	170.52	239.88
-6.1984	170.61	239.39
-6.1678	170.69	238.89
-6.1372	170.77	238.4
-6.1065	170.86	237.91
-6.0759	170.94	237.42
-6.0453	171.03	236.93
-6.0147	171.11	236.43
-5.9841	171.19	235.94
-5.9535	171.28	235.45
-5.9229	171.36	234.96
-5.8922	171.44	234.47
-5.8616	171.53	233.97
-5.831	171.61	233.48
-5.8004	171.7	232.99
-5.7698	171.78	232.5
-5.7392	171.86	232.01
-5.7086	171.95	231.51
-5.6779	172.03	231.02
-5.6473	172.11	230.53
-5.6167	172.2	230.04
-5.5861	172.28	229.55
-5.5555	172.37	229.05
-5.5249	172.45	228.56
-5.4943	172.53	228.07
-5.4636	172.62	227.58
-5.433	172.7	227.09
-5.4024	172.78	226.59
-5.3718	172.87	226.1
-5.3412	172.95	225.61
-5.3106	173.04	225.12
-5.28	173.12	224.63
-5.2493	173.2	224.13
-5.2187	173.29	223.64
-5.1881	173.37	223.15
-5.1575	173.45	222.66
-5.1269	173.54	222.17
-5.0963	173.62	221.67
-5.0657	173.71	221.18
-5.035	173.79	220.69
-5.0044	173.87	220.2
-4.9738	173.96	219.71
-4.9432	174.04	219.21
-4.9126	174.12	218.72
-4.882	174.21	218.23
-4.8514	174.29	217.74
-4.8208	174.38	217.25
-4.7901	174.46	216.75
-4.7595	174.54	216.26
-4.7289	174.63	215.77
-4.6983	174.71	215.28
-4.6677	174.79	214.79
-4.6371	174.88	214.29
-4.6065	174.96	213.8
-4.5758	175.05	213.31
-4.5452	175.13	212.82
-4.5146	175.21	212.33
-4.484	175.3	211.83
-4.4534	175.38	211.34
-4.4228	175.46	210.85
-4.3922	175.55	210.36
-4.3615	175.63	209.87
-4.3309	175.72	209.37
-4.3003	175.8	208.88
-4.2697	175.88	208.39
-4.2391	175.97	207.9
-4.2085	176.05	207.41
-4.1779	176.13	206.91
-4.1472	176.22	206.42
-4.1166	176.3	205.93
-4.086	176.38	205.44
-4.0554	176.47	204.95
-4.0248	176.55	204.45
-3.9942	176.64	203.96
-3.9636	176.72	203.47
-3.9329	176.8	202.98
-3.9023	176.89	202.49
-3.8717	176.97	201.99
-3.8411	177.05	201.5
-3.8105	177.14	201.01
-3.7799	177.22	200.52
-3.7493	177.31	200.03
-3.7186	177.39	199.53
-3.688	177.47	199.04
-3.6574	177.56	198.55
-3.6268	177.64	198.06
-3.5962	177.72	197.57
-3.5656	177.81	197.07
-3.535	177.89	196.58
-3.5043	177.98	196.09
-3.4737	178.06	195.6
-3.4431	178.14	195.11
-3.4125	178.23	194.61
-3.3819	178.31	194.12
-3.3513	178.39	193.63
-3.3207	178.48	193.14
-3.29	178.56	192.65
-3.2594	178.65	192.15
-3.2288	178.73	191.66
-3.1982	178.81	191.17
-3.1676	178.9	190.68
-3.137	178.98	190.19
-3.1064	179.06	189.69
-3.0757	179.15	189.2
-3.0451	179.23	188.71
-3.0145	179.32	188.22
-2.9839	179.4	187.73
-2.9533	179.48	187.23
-2.9227	179.57	186.74
-2.8921	179.65	186.25
-2.8614	179.73	185.76
-2.8308	179.82	185.27
-2.8002	179.9	184.77
-2.7696	179.99	184.28
-2.739	180.07	183.79
-2.7084	180.15	183.3
-2.6778	180.24	182.81
-2.6471	180.32	182.32
-2.6165	180.4	181.82
-2.5859	180.49	181.33
-2.5553	180.57	180.84
-2.5247	180.66	180.35
-2.4941	180.74	179.86
-2.4635	180.82	179.36
-2.4328	180.91	178.87
-2.4022	180.99	178.38
-2.3716	181.07	177.89
-2.341	181.16	177.4
-2.3104	181.24	176.9
-2.2798	181.33	176.41
-2.2492	181.41	175.92
-2.2185	181.49	175.43
-2.1879	181.58	174.94
-2.1573	181.66	174.44
-2.1267	181.74	173.95
-2.0961	181.83	173.46
-2.0655	181.91	172.97
-2.0349	182	172.48
-2.0042	182.08	171.98
-1.9736	182.16	171.49
-1.943	182.25	171
-1.9124	182.33	170.51
-1.8818	182.41	170.02
-1.8512	182.5	169.52
-1.8206	182.58	169.03
-1.7899	182.67	168.54
-1.7593	182.75	168.05
-1.7287	182.83	167.56
-1.6981	182.92	167.06
-1.6675	183	166.57
-1.6369	183.08	166.08
-1.6063	183.17	165.59
-1.5756	183.25	165.1
-1.545	183.33	164.6
-1.5144	183.42	164.11
-1.4838	183.5	163.62
-1.4532	183.59	163.13
-1.4226	183.67	162.64
-1.392	183.75	162.14
-1.3613	183.84	161.65
-1.3307	183.92	161.16
-1.3001	184	160.67
-1.2695	184.09	160.18
-1.2389	184.17	159.68
-1.2083	184.26	159.19
-1.1777	184.34	158.7
-1.147	184.42	158.21
-1.1164	184.51	157.72
-1.0858	184.59	157.22
-1.0552	184.67	156.73
-1.0246	184.76	156.24
-0.99398	184.84	155.75
-0.96336	184.93	155.26
-0.93275	185.01	154.76
-0.90214	185.09	154.27
-0.87152	185.18	153.78
-0.84091	185.26	153.29
-0.81029	185.34	152.8
-0.77968	185.43	152.3
-0.74906	185.51	151.81
-0.71845	185.6	151.32
-0.68784	185.68	150.83
-0.65722	185.76	150.34
-0.62661	185.85	149.84
-0.59599	185.93	149.35
-0.56538	186.01	148.86
-0.53476	186.1	148.37
-0.50415	186.18	147.88
-0.47354	186.27	147.38
-0.44292	186.35	146.89
-0.41231	186.43	146.4
-0.38169	186.52	145.91
-0.35108	186.6	145.42
-0.32047	186.68	144.92
-0.28985	186.77	144.43
-0.25924	186.85	143.94
-0.22862	186.94	143.45
-0.19801	187.02	142.96
-0.16739	187.1	142.46
-0.13678	187.19	141.97
-0.10617	187.27	141.48
-0.075552	187.35	140.99
-0.044938	187.44	140.5
-0.014324	187.52	140
0.01629	187.61	139.51
0.046905	187.69	139.02
0.077519	187.77	138.53
0.10813	187.86	138.04
0.13875	187.94	137.54
0.16936	188.02	137.05
0.19998	188.11	136.56
0.23059	188.19	136.07
0.2612	188.28	135.58
0.29182	188.36	135.08
0.32243	188.44	134.59
0.35305	188.53	134.1
0.38366	188.61	133.61
0.41427	188.69	133.12
0.44489	188.78	132.62
0.4755	188.86	132.13
0.50612	188.95	131.64
0.53673	189.03	131.15
0.56735	189.11	130.66
0.59796	189.2	130.16
0.62857	189.28	129.67
0.65919	189.36	129.18
0.6898	189.45	128.69
0.72042	189.53	128.2
0.75103	189.62	127.7
0.78165	189.7	127.21
0.81226	189.78	126.72
0.84287	189.87	126.23
0.87349	189.95	125.74
0.9041	190.03	125.24
0.93472	190.12	124.75
0.96533	190.2	124.26
0.99594	190.28	123.77
1.0266	190.37	123.28
1.0572	190.45	122.78
1.0878	190.54	122.29
1.1184	190.62	121.8
1.149	190.7	121.31
1.1796	190.79	120.82
1.2102	190.87	120.32
1.2409	190.95	119.83
1.2715	191.04	119.34
1.3021	191.12	118.85
1.3327	191.21	118.36
1.3633	191.29	117.86
1.3939	191.37	117.37
1.4245	191.46	116.88
1.4552	191.54	116.39
1.4858	191.62	115.9
1.5164	191.71	115.4
1.547	191.79	114.91
1.5776	191.88	114.42
1.6082	191.96	113.93
1.6388	192.04	113.44
1.6695	192.13	112.94
1.7001	192.21	112.45
1.7307	192.29	111.96
1.7613	192.38	111.47
1.7919	192.46	110.98
1.8225	192.55	110.48
1.8531	192.63	109.99
1.8838	192.71	109.5
1.9144	192.8	109.01
1.945	192.88	108.52
1.9756	192.96	108.02
2.0062	193.05	107.53
2.0368	193.13	107.04
2.0674	193.22	106.55
2.0981	193.3	106.06
2.1287	193.38	105.57
2.1593	193.47	105.07
2.1899	193.55	104.58
2.2205	193.63	104.09
2.2511	193.72	103.6
2.2817	193.8	103.11
2.3124	193.89	102.61
2.343	193.97	102.12
2.3736	194.05	101.63
2.4042	194.14	101.14
2.4348	194.22	100.65
2.4654	194.3	100.15
2.496	194.39	99.661
2.5267	194.47	99.169
2.5573	194.56	98.677
2.5879	194.64	98.185
2.6185	194.72	97.693
2.6491	194.81	97.201
2.6797	194.89	96.709
2.7103	194.97	96.217
2.741	195.06	95.725
2.7716	195.14	95.233
2.8022	195.23	94.741
2.8328	195.31	94.249
2.8634	195.39	93.757
2.894	195.48	93.265
2.9246	195.56	92.773
2.9553	195.64	92.281
2.9859	195.73	91.789
3.0165	195.81	91.297
3.0471	195.9	90.805
3.0777	195.98	90.313
3.1083	196.06	89.821
3.1389	196.15	89.329
3.1696	196.23	88.837
3.2002	196.31	88.345
3.2308	196.4	87.854
3.2614	196.48	87.362
3.292	196.57	86.87
3.3226	196.65	86.378
3.3532	196.73	85.886
3.3839	196.82	85.394
3.4145	196.9	84.902
3.4451	196.98	84.41
3.4757	197.07	83.918
3.5063	197.15	83.426
3.5369	197.23	82.934
3.5675	197.32	82.442
3.5981	197.4	81.95
3.6288	197.49	81.458
3.6594	197.57	80.966
3.69	197.65	80.474
3.7206	197.74	79.982
3.7512	197.82	79.49
3.7818	197.9	78.998
3.8124	197.99	78.506
3.8431	198.07	78.014
3.8737	198.16	77.522
3.9043	198.24	77.03
3.9349	198.32	76.538
3.9655	198.41	76.046
3.9961	198.49	75.554
4.0267	198.57	75.062
4.0574	198.66	74.57
4.088	198.74	74.078
4.1186	198.83	73.586
4.1492	198.91	73.094
4.1798	198.99	72.602
4.2104	199.08	72.11
4.241	199.16	71.618
4.2717	199.24	71.126
4.3023	199.33	70.634
4.3329	199.41	70.142
4.3635	199.5	69.65
4.3941	199.58	69.158
4.4247	199.66	68.666
4.4553	199.75	68.174
4.486	199.83	67.682
4.5166	199.91	67.19
4.5472	200	66.698
4.5778	200.08	66.206
4.6084	200.17	65.714
4.639	200.25	65.222
4.6696	200.33	64.73
4.7003	200.42	64.238
4.7309	200.5	63.746
4.7615	200.58	63.254
4.7921	200.67	62.762
4.8227	200.75	62.27
4.8533	200.84	61.778
4.8839	200.92	61.286
4.9146	201	60.794
4.9452	201.09	60.302
4.9758	201.17	59.81
5.0064	201.25	59.318
5.037	201.34	58.826
5.0676	201.42	58.334
5.0982	201.51	57.842
5.1289	201.59	57.35
5.1595	201.67	56.858
5.1901	201.76	56.366
5.2207	201.84	55.874
5.2513	201.92	55.382
5.2819	202.01	54.89
5.3125	202.09	54.398
5.3432	202.18	53.906
5.3738	202.26	53.414
5.4044	202.34	52.922
5.435	202.43	52.43
5.4656	202.51	51.938
5.4962	202.59	51.446
5.5268	202.68	50.954
5.5575	202.76	50.462
5.5881	202.85	49.971
5.6187	202.93	49.479
5.6493	203.01	48.987
5.6799	203.1	48.495
5.7105	203.18	48.003
5.7411	203.26	47.511
5.7718	203.35	47.019
5.8024	203.43	46.527
5.833	203.52	46.035
5.8636	203.6	45.543
5.8942	203.68	45.051
5.9248	203.77	44.559
5.9554	203.85	44.067
5.9861	203.93	43.575
6.0167	204.02	43.083
6.0473	204.1	42.591
6.0779	204.18	42.099
6.1085	204.27	41.607
6.1391	204.35	41.115
6.1697	204.44	40.623
6.2004	204.52	40.131
6.231	204.6	39.639
6.2616	204.69	39.147
6.2922	204.77	38.655
6.3228	204.85	38.163
6.3534	204.94	37.671
6.384	205.02	37.179
6.4147	205.11	36.687
6.4453	205.19	36.195
6.4759	205.27	35.703
6.5065	205.36	35.211
6.5371	205.44	34.719
6.5677	205.52	34.227
6.5983	205.61	33.735
6.629	205.69	33.243
6.6596	205.78	32.751
6.6902	205.86	32.259
6.7208	205.94	31.767
6.7514	206.03	31.275
6.782	206.11	30.783
6.8126	206.19	30.291
6.8433	206.28	29.799
6.8739	206.36	29.307
6.9045	206.45	28.815
6.9351	206.53	28.323
6.9657	206.61	27.831
6.9963	206.7	27.339
7.0269	206.78	26.847
7.0576	206.86	26.355
7.0882	206.95	25.863
7.1188	207.03	25.371
7.1494	207.12	24.879
7.18	207.2	24.387
7.2106	207.28	23.895
7.2412	207.37	23.403
7.2719	207.45	22.911
7.3025	207.53	22.419
7.3331	207.62	21.927
7.3637	207.7	21.435
7.3943	207.79	20.943
7.4249	207.87	20.451
7.4555	207.95	19.959
7.4862	208.04	19.467
7.5168	208.12	18.975
7.5474	208.2	18.483
7.578	208.29	17.991
7.6086	208.37	17.499
7.6392	208.46	17.007
7.6698	208.54	16.515
7.7005	208.62	16.023
7.7311	208.71	15.531
7.7617	208.79	15.039
7.7923	208.87	14.547
7.8229	208.96	14.055
7.8535	209.04	13.563
7.8841	209.13	13.071
7.9147	209.21	12.579
7.9454	209.29	12.088
7.976	209.38	11.596
8.0066	209.46	11.104
8.0372	209.54	10.612
8.0678	209.63	10.12
8.0984	209.71	9.6276
8.129	209.8	9.1356
8.1597	209.88	8.6436
8.1903	209.96	8.1516
8.2209	210.05	7.6596
8.2515	210.13	7.1676
8.2821	210.21	6.6756
8.3127	210.3	6.1837
8.3433	210.38	5.6917
8.374	210.47	5.1997
8.4046	210.55	4.7077
8.4352	210.63	4.2157
8.4658	210.72	3.7237
8.4964	210.8	3.2317
8.527	210.88	2.7398
8.5576	210.97	2.2478
8.5883	211.05	1.7558
8.6189	211.13	1.2638
8.6495	211.22	0.7718
8.6801	211.3	0.27982
8.7107	211.39	-0.21217
8.7413	211.47	-0.70416
8.7719	211.55	-1.1961
8.8026	211.64	-1.6881
8.8332	211.72	-2.1801
8.8638	211.8	-2.6721
8.8944	211.89	-3.1641
8.925	211.97	-3.6561
8.9556	212.06	-4.1481
8.9862	212.14	-4.6401
9.0169	212.22	-5.132
9.0475	212.31	-5.624
9.0781	212.39	-6.116
9.1087	212.47	-6.608
9.1393	212.56	-7.1
9.1699	212.64	-7.592
9.2005	212.73	-8.084
9.2312	212.81	-8.576
9.2618	212.89	-9.0679
9.2924	212.98	-9.5599
9.323	213.06	-10.052
9.3536	213.14	-10.544
9.3842	213.23	-11.036
9.4148	213.31	-11.528
9.4455	213.4	-12.02
9.4761	213.48	-12.512
9.5067	213.56	-13.004
9.5373	213.65	-13.496
9.5679	213.73	-13.988
9.5985	213.81	-14.48
9.6291	213.9	-14.972
9.6598	213.98	-15.464
9.6904	214.07	-15.956
9.721	214.15	-16.448
9.7516	214.23	-16.94
9.7822	214.32	-17.432
9.8128	214.4	-17.924
9.8434	214.48	-18.416
9.8741	214.57	-18.908
9.9047	214.65	-19.4
9.9353	214.74	-19.892
9.9659	214.82	-20.384
9.9965	214.9	-20.876
10.027	214.99	-21.368
10.058	215.07	-21.86
10.088	215.15	-22.352
10.119	215.24	-22.844
10.15	215.32	-23.336
10.18	215.41	-23.828
10.211	215.49	-24.32
10.241	215.57	-24.812
10.272	215.66	-25.304
10.303	215.74	-25.795
10.333	215.82	-26.287
10.364	215.91	-26.779
10.394	215.99	-27.271
10.425	216.08	-27.763
10.456	216.16	-28.255
10.486	216.24	-28.747
10.517	216.33	-29.239
10.548	216.41	-29.731
10.578	216.49	-30.223
10.609	216.58	-30.715
10.639	216.66	-31.207
10.67	216.75	-31.699
10.701	216.83	-32.191
10.731	216.91	-32.683
10.762	217	-33.175
10.792	217.08	-33.667
10.823	217.16	-34.159
10.854	217.25	-34.651
10.884	217.33	-35.143
10.915	217.42	-35.635
10.946	217.5	-36.127
10.976	217.58	-36.619
11.007	217.67	-37.111
11.037	217.75	-37.603
11.068	217.83	-38.095
11.099	217.92	-38.587
11.129	218	-39.079
11.16	218.08	-39.571
11.19	218.17	-40.063
11.221	218.25	-40.555
11.252	218.34	-41.047
11.282	218.42	-41.539
11.313	218.5	-42.031
11.344	218.59	-42.523
11.374	218.67	-43.015
11.405	218.75	-43.507
11.435	218.84	-43.999
11.466	218.92	-44.491
11.497	219.01	-44.983
11.527	219.09	-45.475
11.558	219.17	-45.967
11.588	219.26	-46.459
11.619	219.34	-46.951
11.65	219.42	-47.443
11.68	219.51	-47.935
11.711	219.59	-48.427
11.742	219.68	-48.919
11.772	219.76	-49.411
11.803	219.84	-49.903
11.833	219.93	-50.395
11.864	220.01	-50.887
11.895	220.09	-51.379
11.925	220.18	-51.871
11.956	220.26	-52.363
11.986	220.35	-52.855
12.017	220.43	-53.347
12.048	220.51	-53.839
12.078	220.6	-54.331
12.109	220.68	-54.823
12.14	220.76	-55.315
12.17	220.85	-55.807
12.201	220.93	-56.299
12.231	221.02	-56.791
12.262	221.1	-57.283
12.293	221.18	-57.775
12.323	221.27	-58.267
12.354	221.35	-58.759
12.384	221.43	-59.251
12.415	221.52	-59.743
12.446	221.6	-60.235
12.476	221.69	-60.727
12.507	221.77	-61.219
12.537	221.85	-61.711
12.568	221.94	-62.203
12.599	222.02	-62.695
12.629	222.1	-63.187
12.66	222.19	-63.679
12.691	222.27	-64.17
12.721	222.36	-64.662
12.752	222.44	-65.154
12.782	222.52	-65.646
12.813	222.61	-66.138
12.844	222.69	-66.63
12.874	222.77	-67.122
12.905	222.86	-67.614
12.935	222.94	-68.106
12.966	223.03	-68.598
12.997	223.11	-69.09
13.027	223.19	-69.582
13.058	223.28	-70.074
13.089	223.36	-70.566
13.119	223.44	-71.058
13.15	223.53	-71.55
13.18	223.61	-72.042
13.211	223.7	-72.534
13.242	223.78	-73.026
13.272	223.86	-73.518
13.303	223.95	-74.01
13.333	224.03	-74.502
13.364	224.11	-74.994
13.395	224.2	-75.486
13.425	224.28	-75.978
13.456	224.37	-76.47
13.487	224.45	-76.962
13.517	224.53	-77.454
13.548	224.62	-77.946
13.578	224.7	-78.438
13.609	224.78	-78.93
13.64	224.87	-79.422
13.67	224.95	-79.914
13.701	225.03	-80.406
13.731	225.12	-80.898
13.762	225.2	-81.39
13.793	225.29	-81.882
13.823	225.37	-82.374
13.854	225.45	-82.866
13.885	225.54	-83.358
13.915	225.62	-83.85
13.946	225.7	-84.342
13.976	225.79	-84.834
14.007	225.87	-85.326
14.038	225.96	-85.818
14.068	226.04	-86.31
14.099	226.12	-86.802
14.129	226.21	-87.294
14.16	226.29	-87.786
14.191	226.37	-88.278
14.221	226.46	-88.77
14.252	226.54	-89.262
14.282	226.63	-89.754
14.313	226.71	-90.246
14.344	226.79	-90.738
14.374	226.88	-91.23
14.405	226.96	-91.722
14.436	227.04	-92.214
14.466	227.13	-92.706
14.497	227.21	-93.198
14.527	227.3	-93.69
14.558	227.38	-94.182
14.589	227.46	-94.674
14.619	227.55	-95.166
14.65	227.63	-95.658
14.68	227.71	-96.15
14.711	227.8	-96.642
14.742	227.88	-97.134
14.772	227.97	-97.626
14.803	228.05	-98.118
14.834	228.13	-98.61
14.864	228.22	-99.102
14.895	228.3	-99.594
14.925	228.38	-100.09
14.956	228.47	-100.58
14.987	228.55	-101.07
15.017	228.64	-101.56
15.048	228.72	-102.05
15.078	228.8	-102.55
15.109	228.89	-103.04
15.14	228.97	-103.53
15.17	229.05	-104.02
15.201	229.14	-104.51
15.232	229.22	-105.01
15.262	229.31	-105.5
15.293	229.39	-105.99
15.323	229.47	-106.48
15.354	229.56	-106.97
15.385	229.64	-107.47
15.415	229.72	-107.96
15.446	229.81	-108.45
15.476	229.89	-108.94
15.507	229.98	-109.43
15.538	230.06	-109.93
15.568	230.14	-110.42
15.599	230.23	-110.91
15.63	230.31	-111.4
15.66	230.39	-111.89
15.691	230.48	-112.39
15.721	230.56	-112.88
15.752	230.65	-113.37
15.783	230.73	-113.86
15.813	230.81	-114.35
15.844	230.9	-114.85
15.874	230.98	-115.34
15.905	231.06	-115.83
15.936	231.15	-116.32
15.966	231.23	-116.81
15.997	231.32	-117.31
16.028	231.4	-117.8
16.058	231.48	-118.29
16.089	231.57	-118.78
16.119	231.65	-119.27
16.15	231.73	-119.77
16.181	231.82	-120.26
16.211	231.9	-120.75
16.242	231.98	-121.24
16.272	232.07	-121.73
16.303	232.15	-122.22
16.334	232.24	-122.72
16.364	232.32	-123.21
16.395	232.4	-123.7
16.425	232.49	-124.19
16.456	232.57	-124.68
16.487	232.65	-125.18
16.517	232.74	-125.67
16.548	232.82	-126.16
16.579	232.91	-126.65
16.609	232.99	-127.14
16.64	233.07	-127.64
16.67	233.16	-128.13
16.701	233.24	-128.62
16.732	233.32	-129.11
16.762	233.41	-129.6
16.793	233.49	-130.1
16.823	233.58	-130.59
16.854	233.66	-131.08
16.885	233.74	-131.57
16.915	233.83	-132.06
16.946	233.91	-132.56
16.977	233.99	-133.05
17.007	234.08	-133.54
17.038	234.16	-134.03
17.068	234.25	-134.52
17.099	234.33	-135.02
17.13	234.41	-135.51
17.16	234.5	-136
17.191	234.58	-136.49
17.221	234.66	-136.98
17.252	234.75	-137.48
17.283	234.83	-137.97
17.313	234.92	-138.46
17.344	235	-138.95
17.375	235.08	-139.44
17.405	235.17	-139.94
17.436	235.25	-140.43
17.466	235.33	-140.92
17.497	235.42	-141.41
17.528	235.5	-141.9
17.558	235.59	-142.4
17.589	235.67	-142.89
17.619	235.75	-143.38
17.65	235.84	-143.87
17.681	235.92	-144.36
17.711	236	-144.86
17.742	236.09	-145.35
17.773	236.17	-145.84
17.803	236.26	-146.33
17.834	236.34	-146.82
17.864	236.42	-147.32
17.895	236.51	-147.81
17.926	236.59	-148.3
17.956	236.67	-148.79
17.987	236.76	-149.28
18.017	236.84	-149.78
18.048	236.93	-150.27
18.079	237.01	-150.76
18.109	237.09	-151.25
18.14	237.18	-151.74
18.171	237.26	-152.24
18.201	237.34	-152.73
18.232	237.43	-153.22
18.262	237.51	-153.71
18.293	237.6	-154.2
18.324	237.68	-154.7
18.354	237.76	-155.19
18.385	237.85	-155.68
18.415	237.93	-156.17
18.446	238.01	-156.66
18.477	238.1	-157.16
18.507	238.18	-157.65
18.538	238.26	-158.14
18.568	238.35	-158.63
18.599	238.43	-159.12
18.63	238.52	-159.62
18.66	238.6	-160.11
18.691	238.68	-160.6
18.722	238.77	-161.09
18.752	238.85	-161.58
18.783	238.93	-162.08
18.813	239.02	-162.57
18.844	239.1	-163.06
18.875	239.19	-163.55
18.905	239.27	-164.04
18.936	239.35	-164.54
18.966	239.44	-165.03
18.997	239.52	-165.52
19.028	239.6	-166.01
19.058	239.69	-166.5
19.089	239.77	-167
19.12	239.86	-167.49
19.15	239.94	-167.98
19.181	240.02	-168.47
19.211	240.11	-168.96
19.242	240.19	-169.46
19.273	240.27	-169.95
19.303	240.36	-170.44
19.334	240.44	-170.93
19.364	240.53	-171.42
19.395	240.61	-171.92
19.426	240.69	-172.41
19.456	240.78	-172.9
19.487	240.86	-173.39
19.518	240.94	-173.88
19.548	241.03	-174.38
19.579	241.11	-174.87
19.609	241.2	-175.36
19.64	241.28	-175.85
19.671	241.36	-176.34
19.701	241.45	-176.84
19.732	241.53	-177.33
19.762	241.61	-177.82
19.793	241.7	-178.31
19.824	241.78	-178.8
19.854	241.87	-179.3
19.885	241.95	-179.79
19.916	242.03	-180.28
19.946	242.12	-180.77
19.977	242.2	-181.26
20.007	242.28	-181.76
20.038	242.37	-182.25
20.069	242.45	-182.74
20.099	242.54	-183.23
20.13	242.62	-183.72
20.16	242.7	-184.22
20.191	242.79	-184.71
20.222	242.87	-185.2
20.252	242.95	-185.69
20.283	243.04	-186.18
20.313	243.12	-186.68
20.344	243.21	-187.17
20.375	243.29	-187.66
20.405	243.37	-188.15
20.436	243.46	-188.64
20.467	243.54	-189.14
20.497	243.62	-189.63
20.528	243.71	-190.12
20.558	243.79	-190.61
20.589	243.88	-191.1
20.62	243.96	-191.6
20.65	244.04	-192.09
20.681	244.13	-192.58
20.711	244.21	-193.07
20.742	244.29	-193.56
20.773	244.38	-194.06
20.803	244.46	-194.55
20.834	244.55	-195.04
20.865	244.63	-195.53
20.895	244.71	-196.02
20.926	244.8	-196.52
20.956	244.88	-197.01
20.987	244.96	-197.5
21.018	245.05	-197.99
21.048	245.13	-198.48
21.079	245.21	-198.97
21.109	245.3	-199.47
21.14	245.38	-199.96
21.171	245.47	-200.45
21.201	245.55	-200.94
21.232	245.63	-201.43
21.263	245.72	-201.93
21.293	245.8	-202.42
21.324	245.88	-202.91
21.354	245.97	-203.4
21.385	246.05	-203.89
21.416	246.14	-204.39
21.446	246.22	-204.88
21.477	246.3	-205.37
21.507	246.39	-205.86
21.538	246.47	-206.35
21.569	246.55	-206.85
21.599	246.64	-207.34
21.63	246.72	-207.83
21.661	246.81	-208.32
21.691	246.89	-208.81
21.722	246.97	-209.31
21.752	247.06	-209.8
21.783	247.14	-210.29
21.814	247.22	-210.78
21.844	247.31	-211.27
21.875	247.39	-211.77
21.905	247.48	-212.26
21.936	247.56	-212.75
21.967	247.64	-213.24
21.997	247.73	-213.73
22.028	247.81	-214.23
22.059	247.89	-214.72
22.089	247.98	-215.21
22.12	248.06	-215.7
22.15	248.15	-216.19
22.181	248.23	-216.69
22.212	248.31	-217.18
22.242	248.4	-217.67
22.273	248.48	-218.16
22.303	248.56	-218.65
22.334	248.65	-219.15
22.365	248.73	-219.64
22.395	248.82	-220.13
22.426	248.9	-220.62
22.456	248.98	-221.11
22.487	249.07	-221.61
22.518	249.15	-222.1
22.548	249.23	-222.59
22.579	249.32	-223.08
22.61	249.4	-223.57
22.64	249.49	-224.07
22.671	249.57	-224.56
22.701	249.65	-225.05
22.732	249.74	-225.54
22.763	249.82	-226.03
22.793	249.9	-226.53
22.824	249.99	-227.02
22.854	250.07	-227.51
22.885	250.16	-228
22.916	250.24	-228.49
22.946	250.32	-228.99
22.977	250.41	-229.48
23.008	250.49	-229.97
23.038	250.57	-230.46
23.069	250.66	-230.95
23.099	250.74	-231.45
23.13	250.83	-231.94
23.161	250.91	-232.43
23.191	250.99	-232.92
23.222	251.08	-233.41
23.252	251.16	-233.91
23.283	251.24	-234.4
23.314	251.33	-234.89
23.344	251.41	-235.38
23.375	251.5	-235.87
23.406	251.58	-236.37
23.436	251.66	-236.86
23.467	251.75	-237.35
23.497	251.83	-237.84
23.528	251.91	-238.33
23.559	252	-238.83
23.589	252.08	-239.32
23.62	252.16	-239.81
23.65	252.25	-240.3
23.681	252.33	-240.79
23.712	252.42	-241.29
23.742	252.5	-241.78
23.773	252.58	-242.27
23.804	252.67	-242.76
23.834	252.75	-243.25
23.865	252.83	-243.75
23.895	252.92	-244.24
23.926	253	-244.73
23.957	253.09	-245.22
23.987	253.17	-245.71
24.018	253.25	-246.21
24.048	253.34	-246.7
24.079	253.42	-247.19
24.11	253.5	-247.68
24.14	253.59	-248.17
24.171	253.67	-248.67
24.201	253.76	-249.16
24.232	253.84	-249.65
24.263	253.92	-250.14
24.293	254.01	-250.63
24.324	254.09	-251.13
24.355	254.17	-251.62
24.385	254.26	-252.11
24.416	254.34	-252.6
24.446	254.43	-253.09
24.477	254.51	-253.59
24.508	254.59	-254.08
24.538	254.68	-254.57
24.569	254.76	-255.06
24.599	254.84	-255.55
24.63	254.93	-256.05
24.661	255.01	-256.54
24.691	255.1	-257.03
24.722	255.18	-257.52
24.753	255.26	-258.01
24.783	255.35	-258.51
24.814	255.43	-259
24.844	255.51	-259.49
24.875	255.6	-259.98
24.906	255.68	-260.47
24.936	255.77	-260.97
24.967	255.85	-261.46
24.997	255.93	-261.95
25.028	256.02	-262.44
25.059	256.1	-262.93
25.089	256.18	-263.43
25.12	256.27	-263.92
25.151	256.35	-264.41
25.181	256.44	-264.9
25.212	256.52	-265.39
25.242	256.6	-265.89
25.273	256.69	-266.38
25.304	256.77	-266.87
25.334	256.85	-267.36
25.365	256.94	-267.85
25.395	257.02	-268.35
25.426	257.11	-268.84
25.457	257.19	-269.33
25.487	257.27	-269.82
25.518	257.36	-270.31
25.549	257.44	-270.81
25.579	257.52	-271.3
25.61	257.61	-271.79
25.64	257.69	-272.28
25.671	257.78	-272.77
25.702	257.86	-273.26
25.732	257.94	-273.76
25.763	258.03	-274.25
25.793	258.11	-274.74
25.824	258.19	-275.23
25.855	258.28	-275.72
25.885	258.36	-276.22
25.916	258.45	-276.71
25.947	258.53	-277.2
25.977	258.61	-277.69
26.008	258.7	-278.18
26.038	258.78	-278.68
26.069	258.86	-279.17
26.1	258.95	-279.66
26.13	259.03	-280.15
26.161	259.11	-280.64
26.191	259.2	-281.14
26.222	259.28	-281.63
26.253	259.37	-282.12
26.283	259.45	-282.61
26.314	259.53	-283.1
26.344	259.62	-283.6
26.375	259.7	-284.09
26.406	259.78	-284.58
26.436	259.87	-285.07
26.467	259.95	-285.56
26.498	260.04	-286.06
26.528	260.12	-286.55
26.559	260.2	-287.04
26.589	260.29	-287.53
26.62	260.37	-288.02
26.651	260.45	-288.52
26.681	260.54	-289.01
26.712	260.62	-289.5
26.742	260.71	-289.99
26.773	260.79	-290.48
26.804	260.87	-290.98
26.834	260.96	-291.47
26.865	261.04	-291.96
26.896	261.12	-292.45
26.926	261.21	-292.94
26.957	261.29	-293.44
26.987	261.38	-293.93
27.018	261.46	-294.42
27.049	261.54	-294.91
27.079	261.63	-295.4
27.11	261.71	-295.9
27.14	261.79	-296.39
27.171	261.88	-296.88
27.202	261.96	-297.37
27.232	262.05	-297.86
27.263	262.13	-298.36
27.294	262.21	-298.85
27.324	262.3	-299.34
27.355	262.38	-299.83
27.385	262.46	-300.32
27.416	262.55	-300.82
27.447	262.63	-301.31
27.477	262.72	-301.8
27.508	262.8	-302.29
27.538	262.88	-302.78
27.569	262.97	-303.28
27.6	263.05	-303.77
27.63	263.13	-304.26
27.661	263.22	-304.75
27.692	263.3	-305.24
27.722	263.39	-305.74
27.753	263.47	-306.23
27.783	263.55	-306.72
27.814	263.64	-307.21
27.845	263.72	-307.7
27.875	263.8	-308.2
27.906	263.89	-308.69
27.936	263.97	-309.18
27.967	264.06	-309.67
27.998	264.14	-310.16
28.028	264.22	-310.66
28.059	264.31	-311.15
28.089	264.39	-311.64
28.12	264.47	-312.13
28.151	264.56	-312.62
28.181	264.64	-313.12
28.212	264.73	-313.61
28.243	264.81	-314.1
28.273	264.89	-314.59
28.304	264.98	-315.08
28.334	265.06	-315.58
28.365	265.14	-316.07
28.396	265.23	-316.56
28.426	265.31	-317.05
28.457	265.4	-317.54
28.487	265.48	-318.04
28.518	265.56	-318.53
28.549	265.65	-319.02
28.579	265.73	-319.51
28.61	265.81	-320
28.641	265.9	-320.5
28.671	265.98	-320.99
28.702	266.06	-321.48
28.732	266.15	-321.97
28.763	266.23	-322.46
28.794	266.32	-322.96
28.824	266.4	-323.45
28.855	266.48	-323.94
28.885	266.57	-324.43
28.916	266.65	-324.92
28.947	266.73	-325.42
28.977	266.82	-325.91
29.008	266.9	-326.4
29.039	266.99	-326.89
29.069	267.07	-327.38
29.1	267.15	-327.88
29.13	267.24	-328.37
29.161	267.32	-328.86
29.192	267.4	-329.35
29.222	267.49	-329.84
29.253	267.57	-330.34
29.283	267.66	-330.83
29.314	267.74	-331.32
29.345	267.82	-331.81
29.375	267.91	-332.3
29.406	267.99	-332.8
29.437	268.07	-333.29
29.467	268.16	-333.78
29.498	268.24	-334.27
29.528	268.33	-334.76
29.559	268.41	-335.26
29.59	268.49	-335.75
29.62	268.58	-336.24
29.651	268.66	-336.73
29.681	268.74	-337.22
29.712	268.83	-337.72
29.743	268.91	-338.21
29.773	269	-338.7
29.804	269.08	-339.19
29.835	269.16	-339.68
29.865	269.25	-340.18
29.896	269.33	-340.67
29.926	269.41	-341.16
29.957	269.5	-341.65
29.988	269.58	-342.14
30.018	269.67	-342.64
30.049	269.75	-343.13
30.079	269.83	-343.62
30.11	269.92	-344.11
30.141	270	-344.6
30.171	270.08	-345.1
30.202	270.17	-345.59
30.232	270.25	-346.08
30.263	270.34	-346.57
30.294	270.42	-347.06
30.324	270.5	-347.56
30.355	270.59	-348.05
30.386	270.67	-348.54
30.416	270.75	-349.03
30.447	270.84	-349.52
30.477	270.92	-350.01
30.508	271.01	-350.51
30.539	271.09	-351
30.569	271.17	-351.49
30.6	271.26	-351.98
30.63	271.34	-352.47
30.661	271.42	-352.97
30.692	271.51	-353.46
30.722	271.59	-353.95
30.753	271.68	-354.44
30.784	271.76	-354.93
30.814	271.84	-355.43
30.845	271.93	-355.92
30.875	272.01	-356.41
30.906	272.09	-356.9
30.937	272.18	-357.39
30.967	272.26	-357.89
30.998	272.35	-358.38
31.028	272.43	-358.87
31.059	272.51	-359.36
31.09	272.6	-359.85
31.12	272.68	-360.35
31.151	272.76	-360.84
31.182	272.85	-361.33
31.212	272.93	-361.82
31.243	273.01	-362.31
31.273	273.1	-362.81
31.304	273.18	-363.3
31.335	273.27	-363.79
31.365	273.35	-364.28
31.396	273.43	-364.77
31.426	273.52	-365.27
31.457	273.6	-365.76
31.488	273.68	-366.25
31.518	273.77	-366.74
31.549	273.85	-367.23
31.58	273.94	-367.73
31.61	274.02	-368.22
31.641	274.1	-368.71
31.671	274.19	-369.2
31.702	274.27	-369.69
31.733	274.35	-370.19
31.763	274.44	-370.68
31.794	274.52	-371.17
31.824	274.61	-371.66
31.855	274.69	-372.15
31.886	274.77	-372.65
31.916	274.86	-373.14
31.947	274.94	-373.63
31.977	275.02	-374.12
32.008	275.11	-374.61
32.039	275.19	-375.11
32.069	275.28	-375.6
32.1	275.36	-376.09
32.131	275.44	-376.58
32.161	275.53	-377.07
32.192	275.61	-377.57
32.222	275.69	-378.06
32.253	275.78	-378.55
32.284	275.86	-379.04
32.314	275.95	-379.53
32.345	276.03	-380.03
32.375	276.11	-380.52
32.406	276.2	-381.01
32.437	276.28	-381.5
32.467	276.36	-381.99
32.498	276.45	-382.49
32.529	276.53	-382.98
32.559	276.62	-383.47
32.59	276.7	-383.96
32.62	276.78	-384.45
32.651	276.87	-384.95
32.682	276.95	-385.44
32.712	277.03	-385.93
32.743	277.12	-386.42
32.773	277.2	-386.91
32.804	277.29	-387.41
32.835	277.37	-387.9
32.865	277.45	-388.39
32.896	277.54	-388.88
32.927	277.62	-389.37
32.957	277.7	-389.87
32.988	277.79	-390.36
33.018	277.87	-390.85
33.049	277.96	-391.34
33.08	278.04	-391.83
33.11	278.12	-392.33
33.141	278.21	-392.82
33.171	278.29	-393.31
33.202	278.37	-393.8
33.233	278.46	-394.29
33.263	278.54	-394.79
33.294	278.63	-395.28
33.325	278.71	-395.77
33.355	278.79	-396.26
33.386	278.88	-396.75
33.416	278.96	-397.25
33.447	279.04	-397.74
33.478	279.13	-398.23
33.508	279.21	-398.72
33.539	279.3	-399.21
33.569	279.38	-399.71
33.6	279.46	-400.2
33.631	279.55	-400.69
33.661	279.63	-401.18
33.692	279.71	-401.67
33.723	279.8	-402.17
33.753	279.88	-402.66
33.784	279.96	-403.15
33.814	280.05	-403.64
33.845	280.13	-404.13
33.876	280.22	-404.63
33.906	280.3	-405.12
33.937	280.38	-405.61
33.967	280.47	-406.1
33.998	280.55	-406.59
34.029	280.63	-407.09
34.059	280.72	-407.58
34.09	280.8	-408.07
34.12	280.89	-408.56
34.151	280.97	-409.05
34.182	281.05	-409.55
34.212	281.14	-410.04
34.243	281.22	-410.53
34.274	281.3	-411.02
34.304	281.39	-411.51
34.335	281.47	-412.01
34.365	281.56	-412.5
34.396	281.64	-412.99
34.427	281.72	-413.48
34.457	281.81	-413.97
34.488	281.89	-414.47
34.518	281.97	-414.96
34.549	282.06	-415.45
34.58	282.14	-415.94
34.61	282.23	-416.43
34.641	282.31	-416.93
34.672	282.39	-417.42
34.702	282.48	-417.91
34.733	282.56	-418.4
34.763	282.64	-418.89
34.794	282.73	-419.39
34.825	282.81	-419.88
34.855	282.9	-420.37
34.886	282.98	-420.86
34.916	283.06	-421.35
34.947	283.15	-421.85
34.978	283.23	-422.34
35.008	283.31	-422.83
35.039	283.4	-423.32
35.07	283.48	-423.81
35.1	283.57	-424.31
35.131	283.65	-424.8
35.161	283.73	-425.29
35.192	283.82	-425.78
35.223	283.9	-426.27
35.253	283.98	-426.76
35.284	284.07	-427.26
35.314	284.15	-427.75
35.345	284.24	-428.24
35.376	284.32	-428.73
35.406	284.4	-429.22
35.437	284.49	-429.72
35.468	284.57	-430.21
35.498	284.65	-430.7
35.529	284.74	-431.19
35.559	284.82	-431.68
35.59	284.91	-432.18
35.621	284.99	-432.67
35.651	285.07	-433.16
35.682	285.16	-433.65
35.712	285.24	-434.14
35.743	285.32	-434.64
35.774	285.41	-435.13
35.804	285.49	-435.62
35.835	285.58	-436.11
35.865	285.66	-436.6
35.896	285.74	-437.1
35.927	285.83	-437.59
35.957	285.91	-438.08
35.988	285.99	-438.57
36.019	286.08	-439.06
36.049	286.16	-439.56
36.08	286.25	-440.05
36.11	286.33	-440.54
36.141	286.41	-441.03
36.172	286.5	-441.52
36.202	286.58	-442.02
36.233	286.66	-442.51
36.263	286.75	-443
36.294	286.83	-443.49
36.325	286.91	-443.98
36.355	287	-444.48
36.386	287.08	-444.97
36.417	287.17	-445.46
36.447	287.25	-445.95
36.478	287.33	-446.44
36.508	287.42	-446.94
36.539	287.5	-447.43
36.57	287.58	-447.92
36.6	287.67	-448.41
36.631	287.75	-448.9
36.661	287.84	-449.4
36.692	287.92	-449.89
36.723	288	-450.38
36.753	288.09	-450.87
36.784	288.17	-451.36
36.815	288.25	-451.86
36.845	288.34	-452.35
36.876	288.42	-452.84
36.906	288.51	-453.33
36.937	288.59	-453.82
36.968	288.67	-454.32
36.998	288.76	-454.81
37.029	288.84	-455.3
37.059	288.92	-455.79
37.09	289.01	-456.28
37.121	289.09	-456.78
37.151	289.18	-457.27
37.182	289.26	-457.76
37.213	289.34	-458.25
37.243	289.43	-458.74
37.274	289.51	-459.24
37.304	289.59	-459.73
37.335	289.68	-460.22
37.366	289.76	-460.71
37.396	289.85	-461.2
37.427	289.93	-461.7
37.457	290.01	-462.19
37.488	290.1	-462.68
37.519	290.18	-463.17
37.549	290.26	-463.66
37.58	290.35	-464.16
37.611	290.43	-464.65
37.641	290.52	-465.14
37.672	290.6	-465.63
37.702	290.68	-466.12
37.733	290.77	-466.62
37.764	290.85	-467.11
37.794	290.93	-467.6
37.825	291.02	-468.09
37.855	291.1	-468.58
37.886	291.19	-469.08
37.917	291.27	-469.57
37.947	291.35	-470.06
37.978	291.44	-470.55
38.008	291.52	-471.04
38.039	291.6	-471.54
38.07	291.69	-472.03
38.1	291.77	-472.52
38.131	291.86	-473.01
38.162	291.94	-473.5
38.192	292.02	-474
38.223	292.11	-474.49
38.253	292.19	-474.98
38.284	292.27	-475.47
38.315	292.36	-475.96
38.345	292.44	-476.46
38.376	292.53	-476.95
38.406	292.61	-477.44
38.437	292.69	-477.93
38.468	292.78	-478.42
38.498	292.86	-478.92
38.529	292.94	-479.41
38.56	293.03	-479.9
38.59	293.11	-480.39
38.621	293.2	-480.88
38.651	293.28	-481.38
38.682	293.36	-481.87
38.713	293.45	-482.36
38.743	293.53	-482.85
38.774	293.61	-483.34
38.804	293.7	-483.84
38.835	293.78	-484.33
38.866	293.86	-484.82
38.896	293.95	-485.31
38.927	294.03	-485.8
38.958	294.12	-486.3
38.988	294.2	-486.79
39.019	294.28	-487.28
39.049	294.37	-487.77
39.08	294.45	-488.26
39.111	294.53	-488.76
39.141	294.62	-489.25
39.172	294.7	-489.74
39.202	294.79	-490.23
39.233	294.87	-490.72
39.264	294.95	-491.22
39.294	295.04	-491.71
39.325	295.12	-492.2
39.356	295.2	-492.69
39.386	295.29	-493.18
39.417	295.37	-493.68
39.447	295.46	-494.17
39.478	295.54	-494.66
39.509	295.62	-495.15
39.539	295.71	-495.64
39.57	295.79	-496.14
39.6	295.87	-496.63
39.631	295.96	-497.12
39.662	296.04	-497.61
39.692	296.13	-498.1
39.723	296.21	-498.6
39.753	296.29	-499.09
39.784	296.38	-499.58
39.815	296.46	-500.07
39.845	296.54	-500.56
39.876	296.63	-501.05
39.907	296.71	-501.55
39.937	296.8	-502.04
39.968	296.88	-502.53
39.998	296.96	-503.02
40.029	297.05	-503.51
40.06	297.13	-504.01
40.09	297.21	-504.5
40.121	297.3	-504.99
40.151	297.38	-505.48
40.182	297.47	-505.97
40.213	297.55	-506.47
40.243	297.63	-506.96
40.274	297.72	-507.45
40.305	297.8	-507.94
40.335	297.88	-508.43
40.366	297.97	-508.93
40.396	298.05	-509.42
40.427	298.14	-509.91
40.458	298.22	-510.4
40.488	298.3	-510.89
40.519	298.39	-511.39
40.549	298.47	-511.88
40.58	298.55	-512.37
40.611	298.64	-512.86
40.641	298.72	-513.35
40.672	298.81	-513.85
40.703	298.89	-514.34
40.733	298.97	-514.83
40.764	299.06	-515.32
40.794	299.14	-515.81
40.825	299.22	-516.31
40.856	299.31	-516.8
40.886	299.39	-517.29
40.917	299.48	-517.78
40.947	299.56	-518.27
40.978	299.64	-518.77
41.009	299.73	-519.26
41.039	299.81	-519.75
41.07	299.89	-520.24
41.101	299.98	-520.73
41.131	300.06	-521.23
41.162	300.15	-521.72
41.192	300.23	-522.21
41.223	300.31	-522.7
41.254	300.4	-523.19
41.284	300.48	-523.69
41.315	300.56	-524.18
41.345	300.65	-524.67
41.376	300.73	-525.16
41.407	300.81	-525.65
41.437	300.9	-526.15
41.468	300.98	-526.64
41.499	301.07	-527.13
41.529	301.15	-527.62
41.56	301.23	-528.11
41.59	301.32	-528.61
41.621	301.4	-529.1
41.652	301.48	-529.59
41.682	301.57	-530.08
41.713	301.65	-530.57
41.743	301.74	-531.07
41.774	301.82	-531.56
41.805	301.9	-532.05
41.835	301.99	-532.54
41.866	302.07	-533.03
41.896	302.15	-533.53
41.927	302.24	-534.02
41.958	302.32	-534.51
41.988	302.41	-535
42.019	302.49	-535.49
42.05	302.57	-535.99
42.08	302.66	-536.48
42.111	302.74	-536.97
42.141	302.82	-537.46
42.172	302.91	-537.95
42.203	302.99	-538.45
42.233	303.08	-538.94
42.264	303.16	-539.43
42.294	303.24	-539.92
42.325	303.33	-540.41
42.356	303.41	-540.91
42.386	303.49	-541.4
42.417	303.58	-541.89
42.448	303.66	-542.38
42.478	303.75	-542.87
42.509	303.83	-543.37
42.539	303.91	-543.86
42.57	304	-544.35
42.601	304.08	-544.84
42.631	304.16	-545.33
42.662	304.25	-545.83
42.692	304.33	-546.32
42.723	304.42	-546.81
42.754	304.5	-547.3
42.784	304.58	-547.79
42.815	304.67	-548.29
42.846	304.75	-548.78
42.876	304.83	-549.27
42.907	304.92	-549.76
42.937	305	-550.25
42.968	305.09	-550.75
42.999	305.17	-551.24
43.029	305.25	-551.73
43.06	305.34	-552.22
43.09	305.42	-552.71
43.121	305.5	-553.21
43.152	305.59	-553.7
43.182	305.67	-554.19
43.213	305.76	-554.68
43.244	305.84	-555.17
43.274	305.92	-555.67
43.305	306.01	-556.16
43.335	306.09	-556.65
43.366	306.17	-557.14
43.397	306.26	-557.63
43.427	306.34	-558.13
43.458	306.43	-558.62
43.488	306.51	-559.11
43.519	306.59	-559.6
43.55	306.68	-560.09
43.58	306.76	-560.59
43.611	306.84	-561.08
43.642	306.93	-561.57
43.672	307.01	-562.06
43.703	307.1	-562.55
43.733	307.18	-563.05
43.764	307.26	-563.54
43.795	307.35	-564.03
43.825	307.43	-564.52
43.856	307.51	-565.01
43.886	307.6	-565.51
43.917	307.68	-566
43.948	307.76	-566.49
43.978	307.85	-566.98
44.009	307.93	-567.47
44.039	308.02	-567.97
44.07	308.1	-568.46
44.101	308.18	-568.95
44.131	308.27	-569.44
44.162	308.35	-569.93
44.193	308.43	-570.43
44.223	308.52	-570.92
44.254	308.6	-571.41
44.284	308.69	-571.9
44.315	308.77	-572.39
44.346	308.85	-572.89
44.376	308.94	-573.38
44.407	309.02	-573.87
44.437	309.1	-574.36
44.468	309.19	-574.85
44.499	309.27	-575.35
44.529	309.36	-575.84
44.56	309.44	-576.33
44.591	309.52	-576.82
44.621	309.61	-577.31
44.652	309.69	-577.8
44.682	309.77	-578.3
44.713	309.86	-578.79
44.744	309.94	-579.28
44.774	310.03	-579.77
44.805	310.11	-580.26
44.835	310.19	-580.76
44.866	310.28	-581.25
44.897	310.36	-581.74
44.927	310.44	-582.23
44.958	310.53	-582.72
44.989	310.61	-583.22
45.019	310.7	-583.71
45.05	310.78	-584.2
45.08	310.86	-584.69
45.111	310.95	-585.18
45.142	311.03	-585.68
45.172	311.11	-586.17
45.203	311.2	-586.66
45.233	311.28	-587.15
45.264	311.37	-587.64
45.295	311.45	-588.14
45.325	311.53	-588.63
45.356	311.62	-589.12
45.387	311.7	-589.61
45.417	311.78	-590.1
45.448	311.87	-590.6
45.478	311.95	-591.09
45.509	312.04	-591.58
45.54	312.12	-592.07
45.57	312.2	-592.56
45.601	312.29	-593.06
45.631	312.37	-593.55
45.662	312.45	-594.04
45.693	312.54	-594.53
45.723	312.62	-595.02
45.754	312.71	-595.52
45.784	312.79	-596.01
45.815	312.87	-596.5
45.846	312.96	-596.99
45.876	313.04	-597.48
45.907	313.12	-597.98
45.938	313.21	-598.47
45.968	313.29	-598.96
45.999	313.38	-599.45
46.029	313.46	-599.94
46.06	313.54	-600.44
46.091	313.63	-600.93
46.121	313.71	-601.42
46.152	313.79	-601.91
46.182	313.88	-602.4
46.213	313.96	-602.9
46.244	314.04	-603.39
46.274	314.13	-603.88
46.305	314.21	-604.37
46.336	314.3	-604.86
46.366	314.38	-605.36
46.397	314.46	-605.85
46.427	314.55	-606.34
46.458	314.63	-606.83
46.489	314.71	-607.32
46.519	314.8	-607.82
46.55	314.88	-608.31
46.58	314.97	-608.8
46.611	315.05	-609.29
46.642	315.13	-609.78
46.672	315.22	-610.28
46.703	315.3	-610.77
46.734	315.38	-611.26
46.764	315.47	-611.75
46.795	315.55	-612.24
46.825	315.64	-612.74
46.856	315.72	-613.23
46.887	315.8	-613.72
46.917	315.89	-614.21
46.948	315.97	-614.7
46.978	316.05	-615.2
47.009	316.14	-615.69
47.04	316.22	-616.18
47.07	316.31	-616.67
47.101	316.39	-617.16
47.132	316.47	-617.66
47.162	316.56	-618.15
47.193	316.64	-618.64
47.223	316.72	-619.13
47.254	316.81	-619.62
47.285	316.89	-620.12
47.315	316.98	-620.61
47.346	317.06	-621.1
47.376	317.14	-621.59
47.407	317.23	-622.08
47.438	317.31	-622.58
47.468	317.39	-623.07
47.499	317.48	-623.56
47.53	317.56	-624.05
47.56	317.65	-624.54
47.591	317.73	-625.04
47.621	317.81	-625.53
47.652	317.9	-626.02
47.683	317.98	-626.51
47.713	318.06	-627
47.744	318.15	-627.5
47.774	318.23	-627.99
47.805	318.32	-628.48
47.836	318.4	-628.97
47.866	318.48	-629.46
47.897	318.57	-629.96
47.927	318.65	-630.45
47.958	318.73	-630.94
47.989	318.82	-631.43
48.019	318.9	-631.92
48.05	318.99	-632.42
48.081	319.07	-632.91
48.111	319.15	-633.4
48.142	319.24	-633.89
48.172	319.32	-634.38
48.203	319.4	-634.88
48.234	319.49	-635.37
48.264	319.57	-635.86
48.295	319.66	-636.35
48.325	319.74	-636.84
48.356	319.82	-637.34
48.387	319.91	-637.83
48.417	319.99	-638.32
48.448	320.07	-638.81
48.479	320.16	-639.3
48.509	320.24	-639.8
48.54	320.33	-640.29
48.57	320.41	-640.78
48.601	320.49	-641.27
48.632	320.58	-641.76
48.662	320.66	-642.26
48.693	320.74	-642.75
48.723	320.83	-643.24
48.754	320.91	-643.73
48.785	320.99	-644.22
48.815	321.08	-644.72
48.846	321.16	-645.21
48.877	321.25	-645.7
48.907	321.33	-646.19
48.938	321.41	-646.68
48.968	321.5	-647.18
48.999	321.58	-647.67
49.03	321.66	-648.16
49.06	321.75	-648.65
49.091	321.83	-649.14
49.121	321.92	-649.64
49.152	322	-650.13
49.183	322.08	-650.62
49.213	322.17	-651.11
49.244	322.25	-651.6
49.275	322.33	-652.1
49.305	322.42	-652.59
49.336	322.5	-653.08
49.366	322.59	-653.57
49.397	322.67	-654.06
49.428	322.75	-654.55
49.458	322.84	-655.05
49.489	322.92	-655.54
49.519	323	-656.03
49.55	323.09	-656.52
49.581	323.17	-657.01
49.611	323.26	-657.51
49.642	323.34	-658
49.672	323.42	-658.49
49.703	323.51	-658.98
49.734	323.59	-659.47
49.764	323.67	-659.97
49.795	323.76	-660.46
49.826	323.84	-660.95
49.856	323.93	-661.44
49.887	324.01	-661.93
49.917	324.09	-662.43
49.948	324.18	-662.92
49.979	324.26	-663.41
50.009	324.34	-663.9
50.04	324.43	-664.39
50.07	324.51	-664.89
50.101	324.6	-665.38
50.132	324.68	-665.87
50.162	324.76	-666.36
50.193	324.85	-666.85
50.224	324.93	-667.35
50.254	325.01	-667.84
50.285	325.1	-668.33
50.315	325.18	-668.82
50.346	325.27	-669.31
50.377	325.35	-669.81
50.407	325.43	-670.3
50.438	325.52	-670.79
50.468	325.6	-671.28
50.499	325.68	-671.77
50.53	325.77	-672.27
50.56	325.85	-672.76
50.591	325.94	-673.25
50.622	326.02	-673.74
50.652	326.1	-674.23
50.683	326.19	-674.73
50.713	326.27	-675.22
50.744	326.35	-675.71
50.775	326.44	-676.2
50.805	326.52	-676.69
50.836	326.61	-677.19
50.866	326.69	-677.68
50.897	326.77	-678.17
50.928	326.86	-678.66
50.958	326.94	-679.15
50.989	327.02	-679.65
51.02	327.11	-680.14
51.05	327.19	-680.63
51.081	327.28	-681.12
51.111	327.36	-681.61
51.142	327.44	-682.11
51.173	327.53	-682.6
51.203	327.61	-683.09
51.234	327.69	-683.58
51.264	327.78	-684.07
51.295	327.86	-684.57
51.326	327.94	-685.06
51.356	328.03	-685.55
51.387	328.11	-686.04
51.418	328.2	-686.53
51.448	328.28	-687.03
51.479	328.36	-687.52
51.509	328.45	-688.01
51.54	328.53	-688.5
51.571	328.61	-688.99
51.601	328.7	-689.49
51.632	328.78	-689.98
51.662	328.87	-690.47
51.693	328.95	-690.96
51.724	329.03	-691.45
51.754	329.12	-691.95
51.785	329.2	-692.44
51.815	329.28	-692.93
51.846	329.37	-693.42
51.877	329.45	-693.91
51.907	329.54	-694.41
51.938	329.62	-694.9
51.969	329.7	-695.39
51.999	329.79	-695.88
52.03	329.87	-696.37
52.06	329.95	-696.87
52.091	330.04	-697.36
52.122	330.12	-697.85
52.152	330.21	-698.34
52.183	330.29	-698.83
52.213	330.37	-699.33
52.244	330.46	-699.82
52.275	330.54	-700.31
52.305	330.62	-700.8
52.336	330.71	-701.29
52.367	330.79	-701.79
52.397	330.88	-702.28
52.428	330.96	-702.77
52.458	331.04	-703.26
52.489	331.13	-703.75
52.52	331.21	-704.25
52.55	331.29	-704.74
52.581	331.38	-705.23
52.611	331.46	-705.72
52.642	331.55	-706.21
52.673	331.63	-706.71
52.703	331.71	-707.2
52.734	331.8	-707.69
52.765	331.88	-708.18
52.795	331.96	-708.67
52.826	332.05	-709.17
52.856	332.13	-709.66
52.887	332.22	-710.15
52.918	332.3	-710.64
52.948	332.38	-711.13
52.979	332.47	-711.63
53.009	332.55	-712.12
53.04	332.63	-712.61
53.071	332.72	-713.1
53.101	332.8	-713.59
53.132	332.89	-714.09
53.163	332.97	-714.58
53.193	333.05	-715.07
53.224	333.14	-715.56
53.254	333.22	-716.05
53.285	333.3	-716.55
53.316	333.39	-717.04
53.346	333.47	-717.53
53.377	333.56	-718.02
53.407	333.64	-718.51
53.438	333.72	-719.01
53.469	333.81	-719.5
53.499	333.89	-719.99
53.53	333.97	-720.48
53.56	334.06	-720.97
53.591	334.14	-721.47
53.622	334.23	-721.96
53.652	334.31	-722.45
53.683	334.39	-722.94
53.714	334.48	-723.43
53.744	334.56	-723.93
53.775	334.64	-724.42
53.805	334.73	-724.91
53.836	334.81	-725.4
53.867	334.89	-725.89
53.897	334.98	-726.39
53.928	335.06	-726.88
53.958	335.15	-727.37
53.989	335.23	-727.86
54.02	335.31	-728.35
54.05	335.4	-728.84
54.081	335.48	-729.34
54.112	335.56	-729.83
54.142	335.65	-730.32
54.173	335.73	-730.81
54.203	335.82	-731.3
54.234	335.9	-731.8
54.265	335.98	-732.29
54.295	336.07	-732.78
54.326	336.15	-733.27
54.356	336.23	-733.76
54.387	336.32	-734.26
54.418	336.4	-734.75
54.448	336.49	-735.24
54.479	336.57	-735.73
54.51	336.65	-736.22
54.54	336.74	-736.72
54.571	336.82	-737.21
54.601	336.9	-737.7
54.632	336.99	-738.19
54.663	337.07	-738.68
54.693	337.16	-739.18
54.724	337.24	-739.67
54.754	337.32	-740.16
54.785	337.41	-740.65
54.816	337.49	-741.14
54.846	337.57	-741.64
54.877	337.66	-742.13
54.908	337.74	-742.62
54.938	337.83	-743.11
54.969	337.91	-743.6
54.999	337.99	-744.1
55.03	338.08	-744.59
55.061	338.16	-745.08
55.091	338.24	-745.57
55.122	338.33	-746.06
55.152	338.41	-746.56
55.183	338.5	-747.05
55.214	338.58	-747.54
55.244	338.66	-748.03
55.275	338.75	-748.52
55.306	338.83	-749.02
55.336	338.91	-749.51
55.367	339	-750
55.397	339.08	-750.49
55.428	339.17	-750.98
55.459	339.25	-751.48
55.489	339.33	-751.97
55.52	339.42	-752.46
55.55	339.5	-752.95
55.581	339.58	-753.44
55.612	339.67	-753.94
55.642	339.75	-754.43
55.673	339.84	-754.92
55.703	339.92	-755.41
55.734	340	-755.9
55.765	340.09	-756.4
55.795	340.17	-756.89
55.826	340.25	-757.38
55.857	340.34	-757.87
55.887	340.42	-758.36
55.918	340.51	-758.86
55.948	340.59	-759.35
55.979	340.67	-759.84
56.01	340.76	-760.33
56.04	340.84	-760.82
56.071	340.92	-761.32
56.101	341.01	-761.81
56.132	341.09	-762.3
56.163	341.18	-762.79
56.193	341.26	-763.28
56.224	341.34	-763.78
56.255	341.43	-764.27
56.285	341.51	-764.76
56.316	341.59	-765.25
56.346	341.68	-765.74
56.377	341.76	-766.24
56.408	341.84	-766.73
56.438	341.93	-767.22
56.469	342.01	-767.71
56.499	342.1	-768.2
56.53	342.18	-768.7
56.561	342.26	-769.19
56.591	342.35	-769.68
56.622	342.43	-770.17
56.653	342.51	-770.66
56.683	342.6	-771.16
56.714	342.68	-771.65
56.744	342.77	-772.14
56.775	342.85	-772.63
56.806	342.93	-773.12
56.836	343.02	-773.62
56.867	343.1	-774.11
56.897	343.18	-774.6
56.928	343.27	-775.09
56.959	343.35	-775.58
56.989	343.44	-776.08
57.02	343.52	-776.57
57.051	343.6	-777.06
57.081	343.69	-777.55
57.112	343.77	-778.04
57.142	343.85	-778.54
57.173	343.94	-779.03
57.204	344.02	-779.52
57.234	344.11	-780.01
57.265	344.19	-780.5
57.295	344.27	-781
57.326	344.36	-781.49
57.357	344.44	-781.98
57.387	344.52	-782.47
57.418	344.61	-782.96
57.448	344.69	-783.46
57.479	344.78	-783.95
57.51	344.86	-784.44
57.54	344.94	-784.93
57.571	345.03	-785.42
57.602	345.11	-785.92
57.632	345.19	-786.41
57.663	345.28	-786.9
57.693	345.36	-787.39
57.724	345.45	-787.88
57.755	345.53	-788.38
57.785	345.61	-788.87
57.816	345.7	-789.36
57.846	345.78	-789.85
57.877	345.86	-790.34
57.908	345.95	-790.84
57.938	346.03	-791.33
57.969	346.12	-791.82
58	346.2	-792.31
58.03	346.28	-792.8
58.061	346.37	-793.3
58.091	346.45	-793.79
58.122	346.53	-794.28
58.153	346.62	-794.77
58.183	346.7	-795.26
58.214	346.79	-795.76
58.244	346.87	-796.25
58.275	346.95	-796.74
58.306	347.04	-797.23
58.336	347.12	-797.72
58.367	347.2	-798.22
58.398	347.29	-798.71
58.428	347.37	-799.2
58.459	347.46	-799.69
58.489	347.54	-800.18
58.52	347.62	-800.68
58.551	347.71	-801.17
58.581	347.79	-801.66
58.612	347.87	-802.15
58.642	347.96	-802.64
58.673	348.04	-803.14
58.704	348.13	-803.63
58.734	348.21	-804.12
58.765	348.29	-804.61
