10280	-61.37	-548.99
10281	-102.16	-549.19
10220	-62.408	-477.89
10222	-87.618	-352.9
10264	-21.884	-352.61
10207	-97.833	-298.88
10218	-55.588	-391.43
10210	-83.413	-335.14
10307	-22.693	-335.13
10232	-74.322	-329.48
10284	-135.88	-214.24
10255	-53.249	-172.35
10251	-39.998	-171.11
10305	-112.45	-162.33
10305	-97.773	-519.03
10264	-25.143	-514.62
10245	-59.857	-513.24
10262	-98.073	-514.45
10246	-19.666	-380.36
10254	-18.15	-330.1
10206	-30.065	-258.67
10277	-27.529	-627.85
10295	-23.041	-510.22
10282	-95.77	-505.62
10278	-47.074	-510.85
10246	-80.065	-505.5
10243	-59.408	-376.9
10267	-43.515	-321.93
10245	-50.026	-317.77
10268	-78.39	-162.15
10265	-76.082	-504.74
10240	-179.87	-440.3
10221	-32.928	-438.77
10226	-38.306	-372.79
10260	-24.93	-374.19
10212	-112.74	-375.29
10245	-31.414	-314.17
10257	-162.82	-251.25
10258	-63.947	-159.05
10213	-55.047	-562.31
10264	-101.18	-561.92
10287	-90.063	-490.66
10241	-30.133	-370.36
10218	-53.099	-305.83
10273	-41.892	-619.11
10259	-72.061	-558.18
10299	-88.261	-556.13
10307	-82.898	-484.04
10274	-27.18	-361.04
10231	-37.057	-300.32
10305	-126.6	-238.38
10248	-21.218	-191.84
10292	-91.465	-149.53
10242	-153.58	-423.84
10246	-69.252	-362.31
10205	-84.045	-299.08
10250	-52.885	-188.93
10300	-45.918	-610.34
10231	-136.69	-412.55
10233	-173.59	-408.61
10213	-57.477	-354.87
10241	-43.604	-353.18
10295	-96.087	-537.14
10308	-98.054	-535.54
10247	-18.189	-345.65
10215	-82.444	-342.68
10201	-89.084	-275.56
10299	-130.61	-222.04
10262	-74.307	-177.7
10256	-69.479	-526.52
10270	-19.232	-524.02
10238	-150.83	-398.15
10231	-104.99	-397.75
10231	-32.868	-337.72
10306	-19.011	-654.89
10269	-0.22844	-521.04
10267	-14.483	-518.06
10292	-16.264	-516.37
10231	103.92	-436.58
10253	107.98	-437.05
10276	-15.176	-369.01
10300	-10.331	-367.2
10245	127.28	-367.03
10239	-8.2599	-361.51
10262	118.71	-364.3
10227	-20.545	-301.42
10285	90.49	-196.14
10296	-14.629	-340.59
10255	-5.2858	-341.4
10279	0.45303	-339.42
10269	76.575	-182.02
10294	81.059	-181.62
10210	112.09	-480.2
10258	19.894	-179.11
10275	87.359	-212.16
10301	-19.713	-383.88
10272	-11.793	-207.86
10265	9.3799	-532.91
10297	-4.8353	-378.28
10239	-7.9793	-315.11
10276	108.38	-204.49
10277	75.606	-204.06
10293	-6.6261	-231.82
10228	112.85	-429.44
10260	117.24	-354.01
10263	-10.157	-189.41
10289	15.534	-189.57
10275	29.076	-185.48
10234	128.15	-575.08
10248	133.41	-349.43
10234	4.7098	-344.94
10231	-9.7863	-284.35
10256	-1.6987	-185.93
10277	91.14	-186.67
10275	19.567	-182.87
10241	163.78	-465.29
10244	177.01	-448.38
10373	196.95	-504.83
10386	208.19	-503.45
10369	173.58	-501.63
10351	146.44	-238.48
10338	151.67	-236.62
10443	167.8	-611.17
10454	172.5	-591.14
10373	203.73	-528.64
10349	141.44	-483.94
10445	176.2	-610.49
10462	169.89	-608.46
10437	176.99	-592.07
10363	139.83	-479.88
10457	154.46	-457.24
10462	178.12	-607.68
10359	196.21	-518.94
10380	196.45	-478.99
10344	155.58	-475.77
10326	163.91	-473.09
10458	163.13	-585.28
10325	199.39	-471.43
10323	189.39	-470.4
10384	166.69	-604.33
10394	174.78	-513.41
10451	184.19	-605.33
10430	181.69	-603.34
10380	177.67	-510.88
10443	139.5	-474.54
10328	174.41	-466.73
10353	168.56	-458.44
10352	183.96	-458.48
10332	174.89	-458.35
10465	139.24	-447.65
10460	145.91	-447.18
10373	210.25	-500.49
10337	167.96	-494.71
10445	170.46	-596.21
10445	185.36	-595.55
10385	181.63	-498.86
10356	192.5	-496.62
10323	170.43	-496.17
10450	140.06	-464.84
10461	141.79	-464.81
10455	185.37	-594.91
10462	185.74	-594.82
10457	146.24	-484.97
10445	150.32	-463.61
10342	141.24	-228.59
10324	145.67	-228.67
10378	40.38	-705.54
10386	46.443	-704.13
10371	56.92	-704.29
10354	-2.1955	-419.99
10334	-10.677	-419.47
10447	89.131	-291.19
10342	-2.4971	-635.28
10357	-6.6469	-632.67
10386	-20.741	-629.58
10397	-18.021	-520.51
10378	25.369	-519.1
10311	7.4934	-514.7
10401	16.896	-517.35
10348	-21.45	-515.72
10465	-18.037	-517.12
10468	31.845	-505.3
10390	25.627	-456.32
10325	127.04	-398.73
10443	22.431	-396.95
10439	9.3584	-396.88
10440	103.03	-273.42
10451	90.433	-269.04
10448	73.084	-268.69
10387	-10.591	-630.79
10374	-20.122	-629.9
10373	-6.6116	-629.69
10397	-5.9647	-629.48
10410	-0.31067	-511.4
10334	0.32125	-512.21
10400	-6.8585	-509.87
10442	136.88	-509.77
10362	-6.2235	-453.07
10382	7.6027	-453.04
10346	14.895	-451.82
10372	24.089	-451.91
10450	29.794	-392.85
10467	35.582	-391.36
10424	9.1298	-388.89
10308	-5.3127	-386.14
10431	-8.4417	-388.14
10439	62.654	-386.07
10426	94.096	-265.67
10439	82.37	-264.3
10460	82.854	-264.71
10390	100.66	-258.97
10380	124.22	-258.09
10467	-13.871	-508.23
10417	-21.603	-509.09
10424	-0.18974	-506.88
10458	5.0788	-503.08
10450	13.899	-504.11
10462	11.441	-505.01
10459	22.628	-386.42
10444	13.928	-384.82
10460	37.988	-382.93
10443	36.75	-381.54
10411	116.43	-259.1
10410	93.284	-256.01
10465	64.362	-256.02
10317	-12.863	-667.79
10461	-11.764	-502.43
10442	-8.4173	-502.6
10433	-23.106	-500.79
10324	-23.67	-376.06
10465	73.973	-252.89
10402	73.727	-193.35
10353	7.1287	-665.38
10313	7.7535	-662.41
10328	16.794	-659.7
10313	-0.5132	-611.46
10457	129.6	-495.44
10317	9.7077	-496.26
10324	-9.9982	-495.63
10432	-7.2161	-496.36
10456	8.772	-376.58
10440	53.43	-374.62
10430	-12.296	-374.73
10424	4.4491	-373.2
10447	24.375	-372.16
10432	27.821	-372.2
10423	103.79	-246.84
10404	110.93	-246.47
10393	97.153	-247.63
10347	-9.0341	-662.15
10328	-0.22037	-609.25
10317	11.476	-608.51
10353	-2.2725	-541.55
10452	2.9888	-502.43
10459	59.894	-491.6
10441	6.7016	-366.01
10433	17.818	-368.24
10384	117.32	-244.17
10373	-12.76	-655.31
10309	4.27	-361.68
10357	45.911	-702.36
10310	-8.8207	-648.6
10354	4.0076	-650.04
10305	-1.6993	-535.76
10366	33.573	-532.48
10325	-0.33426	-530.19
10390	47.767	-532.51
10401	23.419	-533.19
10405	-12.413	-530.53
10468	31.227	-468.82
10369	8.3929	-470.7
10415	14.057	-356.12
10429	98.052	-283.36
10428	100.96	-236.11
10332	6.8785	-647.5
10380	1.3951	-643.46
10358	19.515	-640.96
10389	36.576	-532.04
10345	-13.554	-528.54
10406	5.8185	-529.22
10452	1.0281	-525.75
10416	-16.418	-525.1
10347	-20.169	-407.15
10336	110.52	-405.5
10462	36.463	-406.59
10459	95.177	-280.75
10436	81.645	-279.91
10415	93.973	-275.1
10369	11.315	-639.49
10382	-20.229	-521.71
10417	11.822	-520.78
10309	-22.257	-518.62
10427	-10.332	-521.03
10439	-10.633	-520.09
10430	2.8204	-520.84
10354	22.265	-466.09
10378	35.048	-460.2
10454	11.104	-402.83
10459	-0.29417	-401.01
10443	-0.27746	-399.63
10413	103.12	-273.32
10468	61.744	-272.25
10335	-31.551	-641.67
10321	-25.851	-639.05
10375	-101.86	-580.29
10331	-131.91	-580.12
10441	-97.824	-540.72
10429	-102.3	-539.76
10441	-137.2	-503.16
10410	-118.11	-471.26
10433	-76.938	-436.19
10465	-73.189	-434.75
10453	-85.423	-401.26
10363	-92.419	-225.02
10378	-103.28	-223.53
10351	-154.46	-221.46
10334	-120.85	-220.51
10342	-26.78	-620.08
10451	-98.828	-491.67
10428	-108.02	-424.08
10437	-99.771	-423.56
10317	-29.194	-380.77
10337	-177.13	-215.16
10332	-121.85	-556.32
10357	-101.58	-554.26
10423	-70.038	-554.99
10370	-43.724	-553.15
10386	-120.76	-550.87
10411	-22.777	-523
10437	-129.95	-490.92
10439	-107.11	-489.7
10454	-80.574	-454.54
10453	-97.496	-452.64
10312	-122.2	-257.03
10313	-29.032	-664.83
10354	-52.567	-552.62
10329	-52.326	-551.7
10422	-92.039	-554.22
10433	-92.487	-553.37
10444	-92.837	-553.31
10342	-67.19	-548.47
10367	-62.069	-546.69
10447	-133.44	-517.62
10435	-117.2	-518.08
10426	-106.64	-488.47
10450	-115.11	-486.92
10457	-122.68	-486.48
10462	-66.663	-451
10407	-133.82	-448.56
10448	-102.73	-415.39
10418	-91.83	-550.6
10350	-114.76	-545.46
10370	-116.36	-543.97
10426	-118.58	-484.41
10439	-112.23	-409.83
10362	-102.84	-238.75
10320	-22.238	-657.57
10344	-57.151	-538.94
10376	-42.833	-539.39
10434	-135.81	-512.26
10392	-138.1	-480.28
10441	-83.964	-442.97
10453	-90.992	-442.83
10449	-102.55	-410.4
10380	-95.12	-232.83
10347	-24.124	-644.05
10361	-116.79	-587.21
10440	-76.249	-545.03
10430	-110.41	-543.12
10309	-85.124	-532.76
10451	-111.09	-508.16
10439	-102.35	-404.87
10335	-177.11	-231.33
10429	-119.01	-472.91
10381	-129.91	-583.12
10367	-138.99	-579.67
10320	-101	-571.86
10426	-127.36	-502.65
10412	-138.42	-470.39
10433	-120.38	-470.24
10449	-71.36	-433.12
10324	-129.8	-273.93
10338	-176.83	-221.9
10317	-38.703	-629.04
10318	-24.725	-631.27
10344	-45.862	-628.7
10347	-129.63	-568.95
10375	-109.94	-566.15
10423	-79.103	-535.1
10430	-110.87	-498.97
10463	-119.31	-498.47
10452	-20.451	-498.22
10425	-21.079	-498.49
10446	-21.637	-497
10423	-133.12	-465.28
10400	-144.65	-463.47
10384	-148.41	-454.18
10435	-86.054	-429.28
10373	-170	-216.51
10468	-135.78	-636.82
10337	-36.576	-627.97
10362	-125.7	-564.41
10310	-77.82	-564.13
10364	-90.402	-563.29
10324	-61.19	-563.48
10327	-77.828	-561.66
10376	-56.743	-561.91
10430	-85.612	-562.75
10319	-81.756	-507.22
10439	-94.612	-496.95
10445	-124.59	-494.96
10401	-137.84	-462.87
10445	-105.33	-427.46
10461	-81.064	-427.49
10426	-94.81	-425.77
10450	-81.84	-425.58
10313	-140.01	-264.11
10357	-157.13	-212.61
10340	-104.46	-210.56
10465	-246.38	-267.8
10555	-226.66	-586.59
10562	-234.66	-574.43
10609	-216.5	-558.21
10602	-208.53	-558
10569	-194.18	-315.85
10542	-233.28	-581.74
10568	-179.49	-311.6
10611	-183.55	-244.84
10566	-230.09	-580.58
10623	-186.17	-394.05
10619	-201.62	-393.03
10519	-194.21	-378.14
10574	-184.58	-320.97
10462	-243.76	-255.52
10587	-218.79	-575.94
10557	-192.92	-308.98
10593	-212.64	-561.91
10553	-202.61	-306.89
10563	-188.08	-307.28
10521	-179.51	-376.43
10601	-217.11	-556.52
10556	-192.56	-314.97
10602	-226.35	-265.91
10528	-183.96	-384.95
10510	-207.29	-370.94
10513	-192.46	-370.55
10611	-182.57	-238.43
10594	-225.35	-582.97
10522	-179.86	-370.59
10561	-187.25	-313.75
10470	-149.54	-688.02
10474	-153.35	-669.03
10574	-64.485	-562.05
10578	-56.039	-561.42
10491	-107.17	-557.09
10480	-118.62	-557.26
10540	-61.6	-536.97
10619	-73.73	-519.51
10574	-33.894	-516.82
10526	-74.401	-515.79
10538	-67.366	-515.55
10561	-71.464	-497.04
10561	-64.945	-496.83
10538	-76.826	-494.89
10548	-20.517	-473.16
10573	-171.6	-411.52
10509	-71.432	-284.82
10600	-72.155	-284.32
10490	-81.384	-282.69
10564	-100.55	-266.85
10473	-122.12	-571.14
10540	-89.679	-528.99
10558	-60.447	-528.2
10543	-79.347	-508.1
10500	-22.239	-508.39
10530	-93.023	-507.27
10593	-113.79	-464.74
10567	-64.985	-464.06
10567	-21.783	-445.15
10546	-62.682	-445.19
10589	-167.47	-385.6
10503	-79.266	-291.95
10604	-78.724	-278.5
10518	-159.22	-276.89
10521	-150.81	-275.4
10564	-106.01	-261.56
10557	-106.51	-260.66
10521	-81.557	-244.64
10504	-29.643	-592.37
10486	-99.169	-549.83
10476	-100.35	-549.08
10615	-82.674	-529.42
10623	-71.647	-527.71
10550	-27.65	-483
10597	-124.2	-481.98
10592	-122.49	-465.31
10598	-110.06	-463.59
10531	-175.21	-463.33
10541	-77.318	-444.16
10535	-67.44	-443.67
10570	-181.74	-402.93
10608	-140.41	-326.77
10499	-69.171	-290.86
10509	-162.41	-276.47
10573	-102.79	-275.99
10553	-65.169	-525.81
10559	-70.15	-504.44
10567	-76.145	-505.5
10553	-54.607	-503.88
10550	-25.852	-462.58
10542	-64.396	-460.65
10582	-155.8	-399.72
10495	-86.434	-290.95
10523	-161.59	-274.11
10556	-100.7	-259.6
10595	-68.511	-791.43
10466	-157.23	-675.1
10570	-29.183	-588.85
10533	-79.623	-543.94
10563	-50.344	-525.17
10584	-24.717	-524.34
10576	-61.26	-524.16
10585	-33.619	-522.71
10542	-65.068	-502.04
10533	-174.2	-482.21
10537	-64.01	-460.11
10548	-68.407	-459.59
10559	-25.868	-456.74
10592	-151.85	-380.75
10614	-103.07	-323.65
10613	-116.7	-323.62
10610	-110.31	-323.93
10602	-73.007	-272.99
10534	-116.48	-255.84
10569	-22.031	-585.88
10474	-128.71	-564.2
10473	-113.88	-542.9
10617	-69.889	-541.95
10573	-52.609	-523.88
10549	-94.31	-499.44
10555	-89.954	-499.61
10477	-38.456	-498.49
10592	-118.84	-477.83
10599	-116.86	-457.26
10565	-24.667	-455.49
10605	-178.25	-321.66
10504	-79.574	-286.58
10572	-112.38	-270.39
10560	-116.97	-268.54
10579	-66.111	-562.38
10551	-71.492	-538.73
10614	-82.046	-520.6
10530	-87.522	-519.87
10540	-29.829	-476.27
10533	-76.466	-455.12
10592	-159.86	-377.1
10619	-136.68	-337.45
10619	-126.97	-320.74
10621	-109.93	-319.37
10609	-59.953	-270.86
10509	-148.15	-269.47
10579	-51.183	-518.04
10562	-21.992	-599.28
10548	-54.828	-514.69
10505	-19.965	-511.28
10521	-26.968	-490.84
10562	-82.802	-452.45
10572	-76.063	-450.75
10577	-178.62	-393.29
10595	-153.5	-391.21
10621	-113.33	-332.46
10607	-182.2	-317.37
10625	-103.97	-317.87
10604	-135.28	-316.51
10503	-82.101	-299.08
10577	-101.65	-267.64
10588	-63.13	-796.52
10503	-26.946	-598.68
10573	-60.846	-576.4
10624	-59.164	-533.7
10543	-69.76	-512.91
10478	-37.782	-491.44
10472	-60.279	-489.6
10525	-81.015	-468.75
10538	-81.98	-468.38
10568	-65.337	-448.41
10526	-76.75	-448.73
10612	-130.24	-331.52
10598	-57.582	-795.11
10486	-116.88	-553.99
10618	-59.729	-551.29
10534	-83.106	-550.91
10614	-60.578	-532.07
10533	-70.793	-509.89
10562	-65.56	-510.67
10550	-78.082	-509.68
10584	-25.99	-509.48
10578	-52.228	-510.75
10481	-50.328	-489.76
10528	-21.344	-487.49
10529	-65.947	-447.61
10565	-72.032	-447.82
10559	-24.756	-445.44
10542	-83.207	-446.36
10579	-165.58	-405.37
10619	-121.01	-329.09
10614	-125.07	-313.98
10620	-105.9	-312.37
10499	-80.713	-279.23
10609	-60.469	-277.79
10567	-111.24	-262.83
10558	129.09	-631.75
10492	40.174	-610.52
10594	32.877	-596.15
10611	35.572	-593.1
10499	13.725	-594.13
10576	14.642	-568.81
10509	72.41	-565.19
10507	57.247	-546.47
10580	-17.952	-547.17
10496	83.101	-545.5
10567	27.682	-526.54
10461	35.25	-501.32
10560	123.7	-502.09
10552	71.98	-497.91
10623	103.36	-496.43
10488	120.07	-478.26
10484	126.83	-478.89
10620	51.202	-475.21
10588	-12.953	-476.58
10624	32.594	-474.95
10478	75.059	-453.34
10524	58.049	-431.35
10526	32.616	-431.06
10486	53.657	-298.87
10481	68.005	-297.4
10579	50.565	-297.48
10480	82.642	-280.83
10473	58.093	-279.3
10554	134.2	-627.41
10484	29.284	-607.02
10599	31.374	-606.22
10610	40.167	-605.11
10509	105.95	-604.62
10503	107.19	-603.84
10550	13.672	-563.64
10594	16.826	-562.36
10579	3.9055	-563.13
10599	0.044203	-562.02
10569	-22.599	-558.36
10523	66.699	-539.46
10515	91.859	-538.11
10542	32.506	-467.15
10514	90.616	-467.58
10536	-20.958	-420.26
10562	-12.218	-399.96
10533	-15.764	-398.4
10507	111.14	-376.81
10495	85.127	-373.75
10552	62.752	-332.54
10506	59.847	-292.83
10506	137.71	-292.57
10577	31.982	-291.2
10570	40.846	-291.89
10480	75.487	-272.33
10494	58.509	-272.47
10489	73.875	-272.65
10465	75.774	-270.79
10503	77.799	-216.57
10543	134.82	-622.77
10491	17.817	-603.51
10551	-8.0112	-583.31
10597	17.176	-581.49
10574	-0.41027	-578.78
10506	33.42	-577.17
10584	3.004	-559.45
10579	11.905	-559.69
10574	16.12	-558.69
10518	68.131	-538.28
10591	29.138	-534.91
10558	50.898	-488.32
10559	65.757	-487.32
10469	67.788	-466.08
10469	23.603	-465.28
10545	-21.499	-420.76
10592	-2.4515	-329.22
10601	-0.96643	-311.71
10484	44.838	-304.08
10486	135.82	-290.5
10585	30.824	-292.1
10480	53.675	-289.72
10470	67.09	-270.68
10490	69.267	-268.84
10522	21.872	-231.23
10619	-4.783	-215.41
10509	98.224	-600.81
10540	12.552	-580.38
10582	2.5749	-577.66
10520	77.846	-554.37
10591	-6.4119	-555.13
10501	29.622	-555.62
10510	75.89	-536.73
10600	35.94	-535.23
10595	38.779	-533.77
10571	-18.02	-539.04
10587	-21.628	-533.19
10597	27.384	-531.99
10590	-11.778	-532.26
10623	96.796	-487.03
10493	113.39	-485.25
10466	90.212	-461.77
10508	56.044	-439.42
10558	112.49	-414.78
10542	7.1385	-396.88
10544	53.177	-349.95
10582	34.241	-305.68
10499	64.931	-285.99
10622	54.572	-663.9
10607	51.048	-599.55
10489	42.594	-600.22
10563	2.5962	-578.13
10551	10.019	-577.32
10588	2.0358	-577.53
10506	37.913	-553.51
10522	64.665	-550.15
10559	107.97	-507.63
10472	129.66	-485.62
10595	-6.7601	-483.11
10517	102.54	-481.21
10503	-19.853	-440.11
10512	-18.734	-438.58
10529	55.329	-436.92
10522	52.981	-436.42
10515	94.662	-385.87
10506	33.557	-303.56
10491	51.435	-305.16
10578	51.372	-286.16
10493	46.228	-285.34
10507	25.283	-227.53
10564	133.82	-635.2
10563	134.26	-621.84
10552	-8.7563	-591.94
10496	39.438	-577.16
10557	9.3462	-575.7
10511	34.822	-551.87
10512	65.807	-547.92
10502	67.798	-547.89
10563	-14.636	-550.04
10622	102.41	-481.05
10510	99.083	-480.05
10549	51.573	-459.16
10513	-20.191	-455.82
10533	-17.507	-434.59
10524	-16.34	-434.52
10552	114.59	-411.5
10487	80.363	-368.53
10493	66.134	-367.34
10550	48.571	-346.89
10505	48.808	-301.28
10571	34.855	-302.22
10476	59.022	-266.08
10524	34.453	-229
10519	51.901	-227.06
10512	45.392	-225.48
10503	104.73	-597.92
10608	20.368	-596.56
10546	22.43	-574.47
10558	-7.1596	-573.31
10597	3.7567	-573.43
10573	-12.999	-548.55
10482	96.759	-548.32
10505	88.987	-547.93
10491	85.345	-546.69
10526	77.82	-545.7
10604	21.348	-528.7
10584	-13.373	-528.61
10568	16.795	-526.16
10592	-15.171	-500.3
10486	119.74	-497.25
10460	31.716	-479.76
10490	109.35	-480.34
10550	61.826	-483.23
10583	-9.1037	-478.78
10464	86.763	-477.39
10509	43.565	-433.56
10496	101.66	-365.31
10541	56.572	-343.96
10604	-1.9811	-321.39
10588	6.035	-305.72
10499	31.414	-302.23
10578	33.468	-301.41
10494	41.171	-301.33
10501	130.87	-299.03
10482	135.98	-282.41
10493	70.246	-281.48
10520	38.9	-241.24
10521	54.313	-241.17
10621	-7.9159	-220.93
10580	-11.61	-200.96
10508	44.31	-570.93
10556	-12.288	-547.95
10562	95.125	-503.7
10504	-19.465	-453.62
10600	3.426	-320.84
10493	67.599	-299.2
10479	19.748	-614.37
10496	42.144	-592.71
10495	22.055	-591.64
10518	93.462	-590.79
10502	33.492	-590.24
10558	-4.0866	-590.32
10570	-7.2101	-569.11
10498	35.478	-568.61
10492	75.034	-568.32
10486	89.177	-545.81
10506	78.676	-544.04
10573	17.125	-524.15
10471	136.15	-497.94
10477	133.43	-497.44
10464	125.85	-497.22
10468	121.47	-496.55
10517	93.595	-473.07
10463	21.577	-471.16
10523	55.193	-443.1
10550	-17.612	-428.21
10567	-17.193	-405.15
10503	83.778	-362.77
10530	130.88	-316.61
10577	45.446	-313.88
10491	65.458	-314.22
10512	33.469	-222
10505	37.447	-218.98
10509	55.221	-221.05
10604	30.414	-590.29
10567	-8.1408	-588.18
10560	-14.971	-542.53
10516	80.064	-542.17
10569	30.218	-540.84
10605	24.631	-540.26
10575	23.242	-540.29
10551	57.453	-494.53
10562	107.01	-497.61
10509	102.87	-470.96
10578	-19.825	-469.79
10528	46.744	-427.16
10516	40.772	-426.12
10531	-6.2477	-424.58
10561	126.01	-403.29
10557	130.96	-402.85
10516	101.5	-379.19
10490	101.23	-357.95
10587	6.333	-315.67
10573	47.278	-279.36
10488	64.916	-274.98
10462	66.272	-274.18
10520	74.022	-219.11
10513	71.905	-216.94
10594	38.087	-607.09
10513	93.496	-587.06
10573	-16.72	-561.68
10602	10.569	-563.05
10489	96.152	-561.99
10564	-22.875	-559.89
10496	64.525	-548.33
10581	-0.017417	-538.83
10482	123.73	-492.97
10584	-2.9062	-492.22
10622	44.734	-488.23
10474	66.506	-468.65
10518	56.685	-425.12
10535	-1.3546	-402.28
10514	116.52	-378.72
10502	81.187	-378.87
10508	131.79	-378.35
10493	77.649	-358.47
10599	-5.1344	-330.93
10500	45.56	-294.87
10488	68.586	-293.94
10483	63.39	-273.42
10509	56.79	-234.66
10534	159.38	-610.8
10516	170.64	-597.95
10559	178.48	-596.6
10540	188.81	-580.44
10551	174.13	-565.43
10595	161.02	-565.22
10588	217.84	-462.55
10494	139.45	-313.52
10477	144.73	-261.2
10463	160.04	-238.43
10546	144.5	-606.89
10532	149.33	-605.6
10538	183.05	-559.42
10582	221.21	-472.29
10561	147.56	-338.48
10553	153.59	-324.91
10490	152.41	-297.18
10530	148.6	-282.56
10492	142.24	-256.06
10468	148.65	-244.07
10491	143.34	-245.84
10560	171.1	-618.37
10518	175.47	-606.16
10525	172.95	-591.89
10613	185.73	-590.88
10536	158.03	-590.97
10522	152.55	-589.61
10513	155.16	-590.84
10526	139.36	-589.64
10533	149.29	-572.98
10598	166.27	-572.09
10496	144.76	-295.46
10535	189.3	-602.82
10563	163.24	-603.82
10521	170.13	-604.77
10543	176.26	-589.98
10522	185.05	-591.16
10549	164.74	-589.11
10564	166.97	-589.01
10521	143.95	-588.74
10602	157.43	-570.92
10552	145.44	-570.07
10536	186.32	-322.1
10525	189.47	-321.39
10544	168.6	-308.03
10537	175.09	-308.09
10553	150.55	-307.25
10477	149.81	-293.74
10571	158.13	-614.72
10541	178.4	-601.23
10604	179.11	-587.88
10544	150.34	-570.34
10607	151.05	-569.34
10552	158.22	-568.35
10554	154.55	-335.3
10541	188.81	-334.71
10531	192.75	-333.92
10533	139.87	-279.46
10618	180.71	-586.32
10552	177.25	-586.66
10568	148.07	-584.9
10559	150.41	-568.03
10549	184.12	-566.54
10559	154.58	-318.49
10549	163	-316.67
10472	139.41	-250.55
10568	153.67	-599.59
10532	171.56	-597.58
10556	164.47	-584.34
10536	149.68	-582.51
10611	144.13	-566.23
10587	163.98	-565.99
10535	187.9	-565.73
10621	200.52	-397.39
10565	157.81	-332.72
10485	140.85	-316.43
10590	157.95	-565.04
10559	164.82	-612.15
10562	143.44	-596.64
10524	161.92	-595.97
10540	141.59	-595.93
10524	168.45	-578.13
10597	153.07	-564.32
10559	166.92	-342.39
10558	159.54	-342.68
10624	180.47	-331.12
10552	168.68	-611.91
10563	158.01	-612.14
10525	177.56	-609.63
10599	184.64	-594.58
10534	189.99	-595.23
10527	190.3	-594.76
10542	134.79	-577.4
10545	169.26	-562.7
10544	160.46	-312.03
10537	168.86	-311.83
10525	140.13	-271.31
10558	183.27	-609.98
10571	174.62	-609.88
10542	185.71	-608.12
10573	160.46	-596.31
10517	145.25	-578.72
10542	179.83	-560.68
10480	142.51	-298.12
10748	166.22	-745.26
10746	214.65	-651.93
10666	178.24	-639.38
10766	223.58	-586.02
10772	221.15	-586.46
10749	193.4	-549.06
10747	132.59	-545.98
10752	198.48	-538.09
10708	231	-535.9
10755	140.13	-521.95
10778	212.02	-415.29
10719	178.97	-377.96
10691	137.73	-366.42
10708	162.64	-352.37
10781	150.93	-711.16
10751	219.92	-672.19
10716	204.23	-656.32
10742	179.9	-631.68
10763	203.92	-632.73
10750	204.88	-543.02
10689	205.01	-504.12
10768	156.12	-423.13
10777	156	-422.86
10718	182.03	-386.57
10724	174.08	-360.05
10722	181.89	-359.83
10751	143.02	-349
10628	175.45	-338.21
10714	148.52	-324.22
10744	216.49	-646.36
10734	209.49	-645.13
10739	154.2	-644.21
10759	208.74	-633.07
10718	224.67	-555.25
10762	209.7	-555.72
10757	199.4	-540.73
10700	229.13	-528.67
10708	198.46	-502.46
10704	183.48	-447.66
10697	204.13	-433.67
10700	201.37	-421.76
10728	165.84	-347.76
10750	137.65	-334.86
10758	136.73	-323.61
10738	171.52	-709.01
10742	203.29	-667.05
10723	201.44	-656.08
10736	163.37	-643.04
10737	187.31	-619.15
10742	137.83	-539.05
10679	206.45	-501.83
10704	185.77	-458.44
10693	206.84	-444.6
10753	219.8	-429.84
10745	139.67	-322.96
10721	146.5	-323.89
10772	216.11	-694.75
10744	216.89	-679.16
10752	210.66	-678.1
10728	193.03	-655.01
10738	193.1	-654.2
10738	204.14	-653.53
10728	211.39	-642.7
10651	182.85	-641.52
10749	160.67	-641.5
10748	180.76	-617.71
10763	208.51	-564.06
10754	141.25	-537.42
10692	200.21	-501.29
10701	203.88	-500.73
10768	203.16	-457.2
10770	197.23	-445.37
10761	202.55	-444.62
10696	190.69	-445.2
10736	166.72	-430.93
10761	162.25	-420.98
10764	221.02	-418.93
10752	220.13	-418.46
10624	198.72	-406.87
10726	167.11	-368
10732	171.64	-358.09
10661	174.71	-356.93
10744	144.1	-345.79
10722	166.88	-345.18
10771	150.15	-718.14
10737	168.14	-715.05
10754	200.59	-665.3
10728	186.86	-665.06
10744	190.08	-653.02
10737	218.66	-652.46
10656	176.32	-641.87
10748	150.88	-641.22
10730	230.46	-553.03
10715	232.08	-551.77
10703	195.67	-511.11
10762	208.04	-486.34
10702	204.18	-440.96
10744	158.57	-430.47
10693	203.11	-429.66
10713	164.13	-356.16
10736	144.16	-320.81
10755	167.07	-747.16
10764	171.91	-747.3
10725	218.31	-651.8
10770	204.22	-628.68
10709	231.04	-550.98
10747	233.67	-523.97
10772	208	-405.84
10766	208.4	-405.02
10720	168.03	-365.49
10716	174.23	-354.76
10769	140.21	-354.7
10741	143.79	-332.07
10748	146.75	-331.79
10759	219.57	-676.33
10747	173.54	-745.43
10779	140.22	-727.32
10780	216.13	-700.86
10765	179.35	-688.44
10738	215.9	-676.09
10735	185.29	-662.51
10759	204.43	-662.97
10743	208.68	-650.22
10769	202.99	-559.51
10723	231.14	-558.69
10742	200.05	-546.29
10755	235.09	-521.7
10769	186.88	-466.64
10775	185.9	-454.19
10691	194.15	-452.77
10764	220.18	-426.51
10713	179.76	-376.86
10669	167.97	-353.11
10707	165.53	-340.28
10714	165.47	-340.75
10727	144.45	-327.07
10718	207.4	-649.51
10662	183.57	-636.97
10742	180.69	-623.16
10774	202.78	-559.16
10687	134.63	-559.04
10732	140.05	-531.69
10747	228.06	-531.26
10684	200.73	-505.34
10770	207.53	-482.11
10778	237.46	-463.89
10697	188.37	-451.96
10764	192.57	-449.81
10738	168.17	-425.64
10706	200.11	-424
10759	148.4	-351.96
10633	175.42	-339.86
10734	137.22	-315.52
10749	159.24	-756.34
10757	160.92	-756.25
10759	183.19	-685.79
10730	199.18	-634.71
10742	169.01	-634.5
10719	203.16	-634.82
10697	191.06	-516.35
10695	210.23	-516.29
10684	195.88	-515.43
10697	197.15	-504.9
10771	206.57	-490.61
10776	179.54	-464.63
10706	193.28	-437.14
10702	186.88	-437.16
10732	167.12	-424.4
10708	168.43	-360.74
10710	173.18	-350.91
10771	144.43	-350.83
10750	135.22	-324.8
10740	135.94	-315.02
10722	117.73	-822.33
10676	117.05	-769.83
10679	114.42	-742.04
10692	128.48	-738.82
10687	-16.012	-738.73
10743	81.226	-706.89
10666	92.272	-690.33
10658	78.06	-689.78
10730	126.35	-608.52
10776	-6.1578	-608.42
10756	82.725	-591.76
10652	61.502	-572.53
10663	62.84	-557.23
10714	57.576	-521.89
10734	54.762	-507.76
10769	126.47	-506.73
10692	136.59	-455.18
10696	124.68	-453.71
10667	115.59	-437.79
10696	53.187	-423.22
10679	122.08	-405.59
10681	112.44	-391.19
10694	114.31	-377.98
10741	22.165	-358.58
10725	-5.4161	-303.92
10656	18.071	-303.18
10632	-15.793	-283.49
10694	114.66	-761.43
10682	-17.018	-747.22
10683	119.2	-735.16
10680	0.12361	-685.28
10780	-19.085	-603.53
10739	126.65	-603.7
10628	112.3	-600.93
10671	-22.303	-600.53
10668	-22.021	-585.85
10694	95.502	-550.46
10627	36.199	-516.44
10739	57.92	-516.04
10732	97.601	-515.19
10725	9.7044	-499.75
10644	107.43	-465.71
10706	47.193	-464.87
10674	23.026	-447.98
10694	52.197	-418.23
10679	112.45	-414.43
10686	102.18	-386.45
10672	120.55	-386.37
10731	7.3019	-323.28
10710	12.794	-308.27
10706	3.9865	-297.11
10749	97.467	-746.72
10698	117.25	-745.74
10653	74.065	-616.91
10734	132.9	-615.41
10755	126.22	-615.82
10642	114.65	-600.27
10703	129.39	-600.45
10639	127.32	-599.38
10749	87.327	-599.4
10647	64.625	-566.97
10642	73.308	-566.17
10685	29.133	-497.53
10761	123.81	-447.97
10689	127.39	-446.86
10753	131.47	-446.87
10708	112.29	-398.53
10683	125.53	-383.7
10716	-19.085	-367.06
10644	-17.839	-292.07
10769	123.61	-850.21
10753	89.644	-746.52
10692	96.756	-745.43
10684	-9.5917	-731.85
10757	75.397	-714.01
10643	-3.7969	-698.12
10666	84.612	-696.85
10669	40.98	-697.23
10657	83.907	-695.5
10655	-4.7274	-694.5
10699	11.481	-663.9
10773	-21.962	-614.23
10748	134.92	-614.18
10623	127.72	-599.26
10703	94.444	-546.66
10726	96.64	-530.66
10735	14.042	-530.06
10617	31.966	-529.76
10737	56.319	-529.2
10730	84.196	-515.56
10723	57.874	-513.49
10772	126.98	-496.5
10713	36.816	-461.56
10689	128	-460.68
10698	64.602	-460.36
10678	0.76998	-445.44
10644	3.2828	-412.87
10702	113.09	-412.28
10765	132.83	-397.79
10666	120.34	-397.17
10743	20.25	-352.27
10722	20.431	-335.41
10702	48.947	-305.91
10657	30.798	-306.98
10717	108.68	-825.85
10680	110.5	-771.14
10747	86.721	-758.33
10689	119.54	-744.49
10638	1.7302	-696.5
10679	39.227	-695.22
10668	5.4385	-694.94
10657	73.963	-680.98
10768	-16.588	-614.03
10698	125.18	-613.36
10757	135.38	-597.91
10649	113.59	-596.01
10782	85.813	-597.05
10694	-9.3579	-583.18
10684	60.011	-562.26
10717	80.453	-544.46
10741	4.0277	-544.01
10740	7.0819	-528.79
10744	62.495	-511.95
10677	30.246	-493.6
10659	95.861	-477.21
10649	106.99	-460.18
10766	118.97	-459.33
10671	2.1264	-443.41
10684	-8.4075	-443.51
10694	104.93	-427.01
10684	119.04	-411.69
10695	110.83	-395.85
10687	103.48	-394.51
10677	118.57	-393.94
10701	112.92	-382.06
10776	8.9987	-366.04
10722	12.52	-320.31
10734	53.494	-318.83
10714	2.8393	-319.1
10665	19.127	-318.92
10732	-1.2923	-306.56
10626	-13.558	-274.22
10761	47.865	-893.78
10712	115.71	-824.98
10667	108.37	-782.58
10754	90.873	-756.42
10677	-7.7043	-743.33
10755	102.12	-742.86
10779	47.308	-742.54
10697	119.8	-728.89
10739	88.895	-710.93
10662	77.262	-678.93
10667	4.1333	-679.43
10677	5.0588	-678.8
10651	-8.0256	-680.23
10667	72.41	-677.61
10694	10.138	-661.64
10649	73.814	-612.61
10648	122.96	-595.3
10625	119.59	-594.7
10694	100.6	-543.84
10732	86.048	-527.5
10724	100.12	-512.51
10656	119.17	-490.57
10677	10.903	-459.57
10692	121.44	-441.06
10694	102.09	-440.96
10690	128.84	-424.14
10644	5.7913	-424.43
10691	125.12	-410.49
10698	99.756	-410.47
10667	9.7629	-393.43
10774	19.688	-365.19
10669	134.25	-363.83
10770	11.789	-348.98
10695	65.473	-333.93
10735	1.0755	-318.01
10722	-3.6928	-317.42
10730	47.097	-315.67
10699	4.8087	-303.13
10621	-0.24543	-272.47
10726	109	-823.44
10699	112.26	-756
10766	73.039	-710.23
10623	53.421	-707.52
10661	99.514	-692.39
10664	-15.436	-593.18
10643	121.02	-593.96
10690	-9.7792	-591.96
10649	80.974	-574.48
10655	78.78	-558.85
10694	58.262	-558.7
10726	88.631	-541.69
10713	92.036	-541.51
10775	124.93	-509.55
10686	14.688	-489.14
10651	102.4	-474.67
10698	101.27	-424.71
10711	101.28	-408.41
10713	108.39	-407.28
10677	6.4967	-392.83
10699	124.28	-393.11
10699	103.03	-392.77
10672	16.598	-391.26
10674	50.155	-362.86
10762	22.423	-360.36
10759	22.525	-346.88
10697	66.713	-346.42
10727	12.324	-332.11
10729	5.3543	-316.31
10726	3.5759	-303.44
10638	-20.416	-286.23
10764	55.93	-893.44
10698	118.91	-756.3
10686	8.0724	-676.95
10713	96.383	-557.6
10719	97.516	-524.28
10693	110.99	-407.55
10703	32.816	-406.59
10708	118.48	-406.08
10721	-18.032	-362.08
10737	20.231	-346.71
10685	63.02	-332.72
10758	54.049	-893.03
10770	53.279	-870.78
10687	102.71	-752.32
10700	123.08	-738.75
10718	126.05	-721.39
10648	-11.422	-688.64
10677	39.355	-688.63
10684	37.269	-689.11
10727	77.244	-671.74
10700	18.895	-656.58
10635	125.03	-589.43
10707	107.04	-554.77
10722	87.833	-537.45
10744	50.418	-521.66
10711	49.537	-520.71
10651	126.1	-485.16
10700	53.493	-452.13
10770	118.1	-453.3
10694	65.082	-452.29
10688	108.68	-437.08
10637	18.109	-419.6
10700	43.007	-419.68
10684	116.07	-405.98
10669	115.18	-403.98
10675	106.44	-389.78
10689	125.32	-389.32
10679	40.176	-360.17
10690	63.97	-344.47
10663	28.667	-312.76
10672	113.1	-778.24
10759	84.16	-751.33
10684	115.54	-750.08
10692	-15.501	-736.28
10720	133.24	-721
10629	43.59	-704.68
10679	8.5715	-688.08
10657	4.1294	-687.11
10652	-5.9087	-686.93
10735	70.464	-670.5
10718	35.922	-621.73
10661	59.814	-619.52
10627	121.87	-603.91
10780	93.384	-589
10700	-19.982	-587.4
10697	47.707	-570.15
10661	83.304	-553.96
10698	106.86	-554.09
10744	2.0642	-536.37
10623	87.235	-536.69
10621	101.77	-536.62
10726	44.002	-520.19
10732	58.013	-520.06
10726	104.43	-519.42
10660	104.49	-468.59
10777	70.244	-451.91
10674	-3.8478	-450.21
10663	124.8	-448.94
10661	117.55	-436
10658	129.17	-434.85
10705	40.655	-417.88
10701	121.86	-417.27
10706	113.02	-416.68
10662	13.955	-388.46
10687	117.14	-374.91
10729	17.534	-341.93
10725	-1.6974	-324.86
10715	49.305	-311.86
10764	82.019	-750.94
10733	88.522	-716.58
10660	85.002	-701.41
10670	73.466	-684.08
10672	5.0276	-683.97
10647	70.3	-619.35
10747	125.1	-605.49
10634	113.37	-602.71
10649	133.7	-585.87
10689	48.33	-568.47
10702	99.137	-553.83
10652	85.35	-552.83
10721	96.657	-552.64
10715	113.97	-551.67
10707	89.021	-536.67
10719	47.978	-519.57
10621	48.607	-518.93
10784	122.34	-501.78
10777	133.73	-500.75
10680	29.323	-500.59
10710	60.392	-466.88
10716	49.36	-465.76
10688	8.3078	-449.53
10783	55.895	-450.89
10682	22.979	-449.27
10686	121.33	-417
10681	109.02	-401.83
10687	122.37	-401.22
10666	6.5114	-398.93
10680	99.83	-388.34
10693	113.87	-386.01
10680	41.618	-372
10779	12.074	-356.49
10686	71.389	-340.05
10713	2.7693	-310.77
10737	42.094	-311.16
10655	18.158	-308.62
10704	-0.99852	-308.39
10707	-116.15	-753.85
10666	-80.444	-751.56
10761	-52.159	-652.15
10749	-30.043	-621.34
10760	-53.169	-623.34
10683	-43.309	-570.94
10778	-169.16	-556.41
10659	-98.916	-418.4
10723	-104.91	-400.91
10745	-97.92	-385.94
10705	-86.446	-385.09
10744	-174.05	-307.42
10695	-112.97	-293.26
10733	-59.813	-277.57
10712	-21.193	-276.86
10718	-48.666	-277.11
10758	-126.4	-276.25
10624	-118.06	-274.61
10752	-116.41	-264.97
10662	-178.3	-264.41
10751	-125.83	-264.22
10625	-170.28	-263.49
10640	-163.09	-239.51
10740	-63.793	-226.21
10711	-68.829	-214.12
10688	-52.153	-203.91
10694	-101.43	-761.85
10655	-71.505	-747.14
10736	-68.295	-645.88
10743	-33.313	-616.75
10755	-26.746	-616.48
10767	-59.923	-614.81
10680	-63.065	-565.65
10689	-61.003	-565.72
10760	-175.84	-530.95
10769	-169.1	-516.69
10773	-19.258	-516.71
10621	-24.345	-495.94
10666	-94.49	-428.14
10676	-86.573	-413.95
10667	-71.624	-412.06
10722	-122.6	-396.73
10679	-111.14	-300.8
10772	-104.72	-272.18
10739	-129.31	-259.56
10634	-173.38	-258.55
10628	-129.15	-258.75
10746	-57.17	-246.54
10744	-48.381	-245.32
10632	-156.12	-236.91
10703	-37.727	-210.28
10708	-20.696	-209.97
10654	-81.074	-746.11
10655	-91.691	-747.29
10765	-54.102	-644.22
10745	-41.481	-628.42
10756	-65.372	-614.5
10780	-181.77	-547.35
10759	-37.109	-496.82
10627	-35.919	-494.83
10716	-88.017	-391.21
10779	-176.8	-344.81
10691	-109.74	-286.24
10735	-41.177	-284.2
10726	-49.635	-283.67
10772	-115.07	-271.34
10726	-53.133	-271.38
10733	-42.356	-270.79
10668	-173.75	-269.92
10662	-169.08	-270.31
10632	-153.61	-244.08
10750	-45.261	-244.83
10731	-47.538	-231.25
10723	-75.633	-220.14
10716	-38.184	-220.06
10718	-83.604	-219.51
10701	-33.999	-219.57
10695	-32.823	-207.94
10704	-105.11	-760.31
10652	-82.327	-757.87
10664	-73.087	-745.69
10751	-49.71	-657.05
10736	-49.115	-656.53
10781	-45.619	-644.09
10750	-58.445	-643.51
10751	-42.567	-627.65
10756	-41.803	-626.93
10740	-25.918	-626.11
10682	-52.671	-549.62
10762	-49.243	-510.48
10770	-35.002	-495.68
10735	-35.673	-494.5
10738	-21.645	-493.4
10756	-104.64	-409.36
10732	-122.81	-392.97
10703	-100.09	-392.75
10716	-90.93	-374.91
10768	-178.22	-314.85
10745	-178.7	-313.69
10771	-140.79	-313.69
10776	-146.3	-312.82
10767	-154.18	-299.32
10766	-110.21	-270.31
10659	-178.46	-258.29
10710	-49.422	-219.09
10633	-86.532	-208.56
10732	-103.91	-656.48
10755	-74.835	-641.02
10758	-73.522	-626.78
10728	-33.629	-625.93
10751	-58.067	-625.82
10771	-177.76	-560.35
10783	-170.56	-558.93
10758	-57.002	-544.29
10760	-62.148	-509.57
10633	-24.201	-493.84
10618	-65.329	-457.36
10670	-77.49	-422.25
10674	-88.422	-408.26
10753	-111.27	-407.02
10728	-117.84	-407.14
10732	-108.83	-391.76
10749	-93.292	-391.13
10708	-102.25	-390.18
10783	-171.14	-343.32
10692	-105.26	-297.11
10689	-118.21	-296.57
10718	-31.989	-268.89
10722	-48.236	-268.29
10747	-123.95	-255.92
10717	-32.815	-226.55
10634	-80.716	-216.83
10688	-53.663	-213.92
10695	-49.484	-206.47
10642	-87.434	-204.27
10773	-48.287	-655.7
10779	-50.156	-655.32
10772	-50.393	-641.85
10756	-53.757	-640.91
10753	-75.828	-625.25
10734	-32.444	-624.84
10675	-55.048	-559.19
10680	-88.815	-420.44
10768	-150.41	-309.25
10766	-122.7	-267.55
10734	-51.275	-266.54
10747	-110.59	-266.42
10726	-38.652	-266.58
10646	-153.88	-253.19
10717	-74.732	-216.69
10754	-56.176	-542.69
10771	-172.97	-524.56
10758	-177.29	-524.01
10754	-22.683	-491.34
10725	-25.997	-489.25
10654	-96.687	-420.84
10661	-85.01	-419.37
10744	-35.994	-405.4
10713	-96.919	-387.56
10770	-174.86	-323.64
10745	-177.99	-323.78
10683	-111.87	-294.95
10766	-117.15	-279.18
10625	-117.51	-266.59
10760	-126.64	-265.65
10741	-123.62	-264.9
10640	-151.27	-263.82
10624	-133.5	-254.18
10741	-50.28	-238.62
10715	-69.004	-226.04
10709	-38.634	-225.82
10711	-38.154	-214.58
10693	-102.11	-213.94
10702	-21.578	-204.4
10776	-166.33	-522.56
10762	-34.2	-504.38
10666	-93.718	-419.4
10742	-104.26	-402.1
10761	-181.43	-322.63
10743	-113.04	-264.6
10629	-174.5	-251.55
10690	-115.88	-752.22
10660	-80.16	-739.95
10652	-102.02	-725.26
10659	-102.9	-724.29
10732	-94.205	-651.37
10738	-95.005	-651.49
10737	-55.579	-650.51
10744	-56.286	-649.85
10746	-71.703	-634.99
10691	-52.04	-554.79
10681	-53.062	-555.37
10684	-42.726	-554.9
10761	-50.892	-537.6
10754	-95.198	-401.23
10711	-83.691	-368.7
10749	-122.75	-274.82
10734	-129.21	-263.42
10631	-163.4	-263.06
10640	-147.22	-249.81
10737	-70.676	-225.81
10731	-50.721	-225.6
10723	-56.225	-224.55
10718	-21.943	-212.41
10706	-71.934	-211.92
10713	-33.139	-204.33
10712	-102.39	-764.79
10675	-59.208	-569.16
10678	-47.82	-569.12
10749	-21.732	-499.43
10689	-19.044	-498.44
10734	-20.537	-485.09
10623	-181.86	-413.45
10675	-88.265	-402.35
10726	-115.08	-397.25
10684	-118.84	-289.51
10722	-20.469	-275.39
10739	-48.35	-273.94
10622	-176.66	-261.98
10761	-115.56	-262.68
10723	-21.214	-261.71
10747	-116.48	-261.14
10621	-168.91	-247.86
10732	-71.922	-223.4
10637	-86.819	-201.4
10769	-42.475	-648.89
10761	-54.077	-617.28
10755	-58.192	-551.42
10752	-56.129	-516.39
10739	-38.595	-415.07
10729	-102.17	-398.79
10738	-108.53	-397.29
10715	-76.16	-382.51
10727	-40.088	-273.98
10740	-125.48	-272.69
10626	-124.09	-260.62
10702	-206.58	-641.25
10727	-245.08	-551.12
10758	-260.32	-470.94
10761	-255.48	-418.78
10630	-191.27	-403.15
10630	-233.09	-366.97
10632	-242.25	-365.92
10774	-176.79	-544.8
10757	-259.58	-454.51
10754	-254.78	-454.12
10692	-255.2	-414.16
10621	-181.96	-398.29
10628	-190.42	-385.52
10635	-228.7	-349.86
10707	-211.33	-637.09
10663	-219.81	-520.69
10762	-253.44	-453.15
10700	-247.11	-439.28
10694	-251.57	-438.43
10642	-203.45	-279.24
10658	-221.05	-518.98
10694	-247.42	-450.4
10750	-254.43	-436.7
10750	-256.65	-422.43
10638	-234.94	-346.89
10631	-211.72	-287.96
10718	-208.47	-635.68
10719	-245.65	-553.92
10656	-226.41	-529.18
10762	-252.7	-434.57
10763	-250.19	-421.71
10689	-249.51	-422.17
10742	-179.36	-299.52
10701	-241.3	-421.98
10620	-188.35	-381.69
10761	-178.73	-309.91
10761	-254.26	-461.17
10689	-253.04	-434.33
10694	-246.45	-420.88
10627	-177.56	-393.3
10640	-239.08	-355.75
10640	-230.55	-355.88
10748	-256.33	-459.92
10694	-238.18	-429.56
10622	-195.55	-402.7
10625	-199.63	-388.42
10638	-211.86	-282.95
10639	-238.83	-364.77
10715	-212.77	-636.91
10661	-221.7	-509.46
10842	-218.37	-552.73
10862	-190.12	-527.02
10850	-273.42	-513.48
10850	-194.76	-473.21
10798	-265.41	-458.75
10814	-264.76	-457.19
10873	-232.6	-446.49
10815	-193.1	-589.4
10857	-217.8	-546.56
10863	-199.59	-535.38
10804	-264.09	-467.33
10879	-221.96	-453.69
10815	-194.09	-598.43
10822	-179.21	-557.87
10849	-278.74	-506.25
10845	-196.15	-478.45
10878	-213.65	-330.28
10812	-178.76	-659.23
10880	-235.76	-624.58
10821	-191.85	-587.18
10814	-201.69	-585.87
10845	-208.86	-559.33
10838	-274.57	-505.91
10876	-226.39	-450.67
10815	-189.25	-558.39
10902	-261.2	-504.38
10900	-267.96	-503.26
10903	-177.65	-515.95
10845	-206.98	-475.15
10806	-264.17	-449.34
10880	-200.85	-359.66
10882	-210.34	-336.26
10825	-198.21	-667.08
10833	-195.8	-666.94
10813	-208.39	-583.08
10847	-255.6	-568.42
10864	-213.06	-326.83
10854	-249.92	-568.4
10826	-183.81	-541
10886	-244.46	-619.49
10812	-207.62	-591.56
10826	-180.53	-551.64
10858	-219.99	-539.97
10912	-263.27	-511.5
10837	-276.58	-500.24
10893	-197.15	-358.28
10873	-216.38	-333.78
10876	-242.6	-629.21
10851	-209.64	-552.56
10821	-180.75	-550.88
10827	-190.62	-550.97
10879	-217.54	-340.61
10848	-247.46	-565.27
10842	-209.27	-550.71
10822	-194.73	-549.76
10792	-104.46	-447.03
10828	-61.151	-434.69
10821	-93.774	-378.59
10811	-22.373	-378.48
10908	-89.092	-839.82
10846	-61.009	-763.26
10919	-168.51	-557.81
10916	-173.98	-546.11
10842	-116.92	-717.34
10903	-59.867	-470.75
10852	-115.61	-714.99
10895	-112.32	-485.44
10809	-62.855	-466.89
10848	-57.04	-454.55
10823	-52.381	-441.93
10894	-176.34	-586.79
10905	-179.48	-571.5
10867	-36.734	-480.3
10818	-74.705	-437.52
10828	-90.171	-410.27
10880	-59.868	-452.33
10839	-67.307	-409.56
10822	-176.19	-735.49
10886	-107.86	-627.59
10921	-95.032	-597.44
10927	-104.84	-596.98
10903	-54.856	-478.02
10785	-168.11	-448.15
10786	-119.67	-392.29
10805	-38.663	-378.65
10894	-112.89	-494.5
10904	-56.146	-461.82
10827	-78.534	-419.59
10795	-109.24	-377.4
10898	-74.346	-802.69
10874	-92.981	-622.19
10857	-172.69	-579.49
10918	-170.05	-534.91
10865	-60.146	-432.06
10795	-93.084	-388.36
10924	-106.27	-903.25
10876	-35.884	-732.01
10888	-95.745	-620.52
10855	-179.6	-591.22
10863	-42.14	-459.79
10942	-21.786	-400.03
10853	-64.621	-346.35
10878	-109.12	-299.79
10906	-73.554	-852.43
10870	-33.545	-825.07
10877	-51.296	-823.04
10889	-165.8	-810.93
10886	-46.787	-810.81
10924	-25.789	-807.83
10928	-21.227	-795.18
10888	-76.282	-781.97
10794	-43.506	-779.97
10851	-60.077	-767.48
10861	-53.991	-767.66
10873	-29.443	-652.29
10845	-51.068	-606.02
10862	-147.9	-606.07
10873	-150.06	-591.32
10922	-166.72	-545.26
10867	-38.989	-469
10856	-49.963	-452.38
10782	-165.77	-438.1
10826	-25.734	-411.02
10806	-94.339	-377.19
10922	-60.202	-982.22
10812	-63.177	-926.32
10881	-93.165	-886.05
10828	-167.99	-831.15
10879	-166.52	-805.1
10888	-170.31	-803.37
10926	-37.306	-789.87
10889	-55.776	-776.86
10858	-58.882	-763.32
10859	-67.813	-763.38
10884	-53.724	-734.08
10843	-56.492	-659.9
10822	-81.759	-659.03
10896	-103.66	-615.02
10810	-48.708	-461.16
10859	-61.445	-446.85
10813	-50.687	-446.28
10795	-93.397	-432.52
10828	-66.586	-403.91
10843	-61.646	-387.7
10798	-107.96	-387.84
10824	-92.218	-387.79
10806	-81.184	-372.49
10800	-81.486	-373.26
10898	-77.164	-287.84
10913	-63.974	-978.43
10885	-176.74	-804.73
10932	-32.387	-788.95
10896	-72.514	-786.26
10794	-54.215	-774.24
10891	-63.579	-776.4
10876	-45.115	-732.37
10881	-21.715	-643.87
10878	-94.466	-629.31
10869	-152.79	-612.93
10874	-143.16	-598.79
10816	-54.3	-460.27
10806	-52.055	-445.72
10779	-171.07	-444.1
10792	-94.747	-442.05
10788	-101.38	-431.07
10864	-75.246	-431.38
10824	-88.099	-401.72
10892	-81.759	-287.47
10926	-106.38	-869.77
10924	-21.693	-788.73
10887	-44.262	-732.29
10834	-80.807	-658.22
10878	-85.383	-613.46
10873	-145.98	-611.86
10883	-50.546	-445.42
10784	-91.356	-441.66
10822	-74.889	-442.11
10858	-72.918	-442.29
10820	-69.315	-430.09
10793	-106.74	-430.25
10806	-82.101	-410.62
10808	-84.365	-399.2
10800	-92.695	-399.5
10856	-52.722	-384.77
10788	-112.48	-384.97
10812	-83.524	-372.39
10860	-57.2	-354.7
10859	-55.562	-344.79
10935	-76.781	-992.11
10928	-69.369	-991.11
10919	-57.904	-975.46
10850	-74.553	-948.27
10790	-18.014	-933.28
10857	-132.75	-827.83
10875	-31.225	-827.52
10871	-45.839	-825.16
10830	-65.825	-657.63
10829	-85.434	-657.19
10846	-48.201	-657.03
10856	-43.057	-656.87
10823	-137.69	-519.7
10802	-49.566	-457.86
10874	-59.194	-457.89
10853	-54.656	-443
10853	-53.504	-342.96
10850	-144.48	-316.48
10934	-65.881	-990.72
10920	-69.068	-975.38
10803	-60.905	-933.61
10874	-96.039	-880.46
10817	-164.77	-826.52
10874	-43.173	-812.47
10899	-76.48	-811.55
10843	-56.701	-769
10881	-40.261	-729.02
10826	-88.656	-667.75
10896	-96.755	-624.31
10881	-64.827	-608.97
10887	-180.37	-594.94
10861	-164.52	-578.75
10916	-164.59	-547.61
10827	-126.92	-518.06
10861	-56.534	-470.83
10836	-77.519	-411.69
10889	-85.302	-293.56
10892	-70.201	-285.56
10912	-106.07	-879.17
10922	-101.7	-878.55
10822	-157.94	-836.2
10824	-163.45	-825.82
10863	-132.97	-825.52
10889	-86.426	-810.45
10883	-41.85	-811.1
10787	-51.023	-780.98
10818	-177.68	-727.26
10931	-178.18	-668.93
10876	-74.838	-623.02
10896	-173.32	-593.35
10867	-151.46	-592.4
10858	-168.99	-590.5
10898	-179.54	-577.7
10822	-133.99	-529.68
10801	-58.937	-456
10807	-59.931	-454.95
10832	-87.977	-423.93
10802	-78.686	-394.47
10781	-116.4	-380.83
10800	-39.302	-367.42
10789	-73.147	-316.1
10845	-79.127	-945.55
10810	-53.872	-931.81
10907	-109.34	-878.66
10816	-176.99	-737.55
10850	-58.986	-393.11
10845	-63.757	-340.36
10810	-73.689	-929.52
10879	-96.877	-876.93
10890	-160.52	-819.49
10894	-67.205	-808.64
10884	-124	-779.91
10895	-73.556	-780.21
10886	-63.58	-778.89
10851	-50.708	-766.79
10807	-181.22	-725.55
10851	-46.964	-663.44
10776	-171.14	-648.64
10869	-146.16	-604.88
10897	-98.955	-498.53
10858	-49.055	-465.82
10897	-60.295	-466.41
10874	-62.256	-465.22
10799	-57.167	-465.87
10783	-109.31	-448.92
10788	-93.607	-435.61
10847	-56.781	-378.46
10841	-56.943	-378.62
10918	-66.915	-969.32
10851	-84.476	-945.91
10931	-112.38	-902.2
10933	-105.13	-901.67
10864	-90.817	-860.12
10885	-79.953	-818.81
10888	-78.813	-807.55
10890	-74.843	-789.65
10895	-51.123	-778.23
10854	-57.672	-775.18
10813	-21.818	-647.95
10851	-46.765	-648.61
10823	-21.447	-634.45
10892	-111.28	-632.84
10882	-78.121	-618.45
10840	-46.904	-619
10849	-174.91	-587.86
10868	-50.806	-464.44
10883	-81.389	-450.33
10822	-64.384	-449.27
10858	-75.223	-434.22
10794	-117.54	-434.47
10826	-61.171	-405.87
10933	-26.368	-391.68
10806	-20.507	-376.87
10921	-77.233	-979.12
10917	-73.857	-969.2
10909	-93.088	-833.57
10885	-165.8	-819.09
10884	-176.61	-817.87
10896	-84.59	-806.69
10918	-21.331	-790.7
10871	-31.104	-661.5
10884	-70.073	-602.07
10891	-177.49	-601.43
10926	-99.479	-585.97
10787	-121.27	-445.25
10785	-115.05	-434.03
10825	-68.984	-432.62
10818	-58.247	-433.63
10825	-73.681	-404.85
10851	-49.432	-388.75
10796	-39.116	-374.25
10783	-66.11	-313.18
10867	81.249	-896.44
10850	84.295	-858.2
10866	83.054	-855.77
10810	67.341	-840.72
10813	38.845	-829.91
10818	58.767	-801.73
10826	69.578	-792.02
10925	92.29	-776.74
10782	0.77442	-749.81
10890	-3.2084	-751.39
10805	-5.6158	-737.25
10878	31.822	-723.7
10800	-1.1238	-721.54
10797	6.0814	-709.43
10790	7.1952	-709.64
10792	36.595	-679.7
10899	65.657	-654.13
10826	103.83	-653.97
10888	46.465	-652.37
10844	120.48	-624.4
10923	101.95	-625.14
10801	60.571	-622.49
10849	121.45	-623.04
10913	122.3	-622.32
10887	62.089	-610
10886	49.811	-608.85
10853	53.169	-596.1
10857	22.913	-594.09
10853	20.507	-580.01
10875	83.28	-565.8
10792	-8.4778	-553.15
10888	134.36	-551.6
10880	134.83	-537.96
10900	37.419	-536.94
10891	131.23	-491.65
10807	121.29	-463.1
10885	30.012	-431.41
10914	65.834	-384.97
10776	54.852	-384.53
10917	57.485	-384.61
10795	82.673	-369.18
10785	7.0396	-366.61
10831	-14.221	-351.22
10877	110.75	-337.54
10815	-21.321	-320.86
10922	111.33	-276.72
10876	106.88	-261.5
10794	-11.088	-874.29
10860	88.104	-862.55
10849	119.98	-835.97
10868	78.869	-825.94
10834	74.648	-800.91
10800	-0.55786	-754.63
10806	-5.2246	-745.28
10813	-2.3577	-732.38
10798	17.82	-717.59
10806	-11.881	-704.38
10913	-10.348	-663.28
10860	70.533	-662.31
10860	59.193	-662.12
10791	23.193	-661.17
10833	99.221	-648.74
10843	86.561	-648.45
10783	18.016	-648.89
10845	119.13	-633.36
10881	56.401	-632.48
10854	98.262	-631.78
10915	105.02	-620.12
10850	81.412	-620.41
10919	125.1	-619.05
10840	113.05	-618.9
10840	130.17	-619.55
10892	60.307	-617.32
10849	56.977	-616.77
10842	26.175	-604.9
10920	114.55	-606.23
10873	28.788	-603.83
10876	-2.4652	-574.59
10826	-4.3434	-573.51
10880	88.015	-573.27
10894	127.11	-560.95
10777	-15.359	-545.41
10800	7.0416	-544.51
10783	79.202	-529.09
10895	124.98	-486.92
10805	126.72	-469.33
10912	47.331	-440.36
10852	-17.422	-421.58
10852	-17.991	-409.26
10802	17.034	-393.08
10805	26.096	-392.98
10905	65.224	-393.33
10917	102.74	-378.97
10940	39.781	-377.37
10801	82.531	-376.16
10780	12.125	-348.01
10927	92.847	-348.35
10858	32.847	-300.07
10904	33.951	-271.49
10928	110.27	-272.76
10863	77.427	-900.03
10836	82.579	-875.62
10830	53.886	-849.23
10843	24.839	-850.25
10819	45.193	-849.59
10835	26.855	-849.57
10843	70.371	-798.84
10785	4.938	-755.03
10787	-3.2951	-743.57
10794	32.93	-730.11
10824	115.72	-716.27
10807	7.3671	-715.98
10779	45.975	-674.27
10854	53.66	-673.13
10895	48.896	-659
10841	100.46	-658.03
10858	61.052	-646.09
10858	57.741	-632.22
10880	26.273	-630.67
10843	103.9	-630.28
10925	99.652	-618.61
10854	105.05	-617.68
10813	74.701	-616.78
10887	103.47	-614.87
10886	106.02	-603.37
10843	6.3084	-573.31
10909	81.293	-571.99
10881	131.84	-558.3
10882	126.47	-531.64
10888	69.985	-529.89
10836	68.105	-515.79
10894	127.65	-497.31
10935	74.157	-453.21
10802	129.25	-405.4
10808	126.17	-392.08
10793	84.085	-375.96
10781	7.3973	-360.17
10807	63.082	-360.96
10880	115.62	-346.11
10886	107.69	-255.26
10869	-20.016	-927.78
10868	71.07	-860.96
10847	130.33	-822.23
10921	97.138	-782.87
10817	104.86	-757.24
10814	108.76	-756.4
10911	-18.826	-754.59
10905	-7.0847	-743.21
10787	17.594	-713.54
10905	68.475	-686.39
10911	16.84	-674.61
10856	109.97	-674.35
10787	41.559	-660.37
10923	107.91	-629.52
10913	106.84	-629.57
10857	107.27	-615.41
10818	65.572	-616.16
10855	86.963	-615.99
10834	119.76	-616.39
10897	82.476	-615.22
10916	44.999	-601.63
10897	82.012	-602.32
10858	13.311	-602.04
10904	45.911	-588.5
10840	2.9798	-584.53
10842	14.523	-585
10804	-19.13	-584.48
10819	-22.888	-572.45
10895	129.27	-570.77
10869	83.552	-558.64
10794	-3.1852	-542.7
10884	79.915	-542.96
10801	-2.4969	-542.56
10787	0.84314	-543.02
10863	82.997	-528.82
10875	78.012	-527.95
10848	32.525	-513.44
10827	41.886	-467.03
10930	61.855	-451.11
10879	34.655	-436.78
10855	117.46	-421.81
10830	104.46	-405.6
10910	55.28	-390.84
10795	56.954	-358.89
10865	121.37	-313.98
10918	37.275	-281.2
10905	40.119	-268.2
10879	135.67	-874.39
10876	86.074	-859.73
10815	50.814	-858.95
10807	52.283	-845.77
10861	-12.469	-848.6
10819	52.942	-846.01
10806	37.812	-845.05
10816	59.627	-833.67
10804	58.57	-834.08
10840	134.05	-832.07
10865	69.375	-823.78
10899	13.686	-795.1
10903	-16.463	-753.22
10912	-7.2117	-753.18
10809	-0.41351	-751.8
10797	-9.6362	-740.26
10793	-8.9133	-712.24
10781	28.394	-670.65
10889	51.867	-644.29
10896	45.224	-644.81
10869	16.509	-627.36
10818	83.354	-627.15
10851	20.286	-613.14
10808	71.25	-613.95
10821	79.995	-614.2
10883	34.98	-600.17
10907	34.648	-599.85
10847	26.922	-599.35
10862	34.282	-599.27
10914	31.131	-585.97
10922	32.05	-585.29
10859	137.43	-585.67
10854	11.107	-570.87
10833	-7.2424	-570.71
10881	91.536	-557.6
10865	64.834	-529.96
10796	133.29	-419.08
10829	106.26	-416.62
10808	124.62	-403.35
10798	126.82	-402.03
10781	59.232	-388.61
10787	58.026	-387.12
10801	72.862	-386.4
10799	74.363	-372.89
10800	68.246	-359.04
10938	122.35	-357.85
10934	89.245	-357.19
10867	126.49	-325.55
10864	38.353	-310.09
10884	99.109	-253.86
10832	96.672	-872.85
10871	80.4	-869.03
10833	48.832	-846.06
10818	62.073	-794.34
10925	83.749	-780.94
10791	0.25876	-753.22
10820	-12.067	-740.79
10783	44.464	-737.82
10800	-19.641	-698.93
10801	-7.2012	-698.49
10784	28.113	-657.58
10854	112.42	-657.5
10848	118.26	-656.96
10872	52.997	-641.33
10865	62.711	-641.85
10858	76.146	-628.42
10904	137.47	-627.16
10919	114.38	-627.44
10819	62.031	-626.07
10920	115.34	-613.16
10890	80.46	-611.56
10865	42.99	-610.24
10884	49.476	-599.35
10894	51.056	-597.86
10876	-24.512	-594.74
10865	3.1272	-581.88
10880	75.959	-567.3
10885	89.534	-567.39
10887	66.379	-540.63
10894	35.061	-540
10858	85.264	-538.81
10914	35.361	-449.78
10781	126.46	-433.6
10939	80.01	-431.15
10941	76.296	-418.62
10839	103.89	-416.25
10832	99.819	-415.49
10803	122.53	-386.83
10796	128.38	-386.66
10913	108.69	-385.21
10789	56.294	-370.29
10895	-15.93	-357.34
10824	-23.063	-355.11
10928	103.43	-355.23
10936	98.966	-355.69
10929	110.71	-342.22
10924	117.85	-341.91
10870	108.91	-311.08
10892	42.036	-264.54
10883	98.789	-263.42
10835	89.381	-871.63
10830	86.512	-870.99
10830	32.224	-855.09
10798	58.866	-842.02
10810	43.5	-832.55
10866	69.397	-830.75
10840	73.867	-804.73
10907	-2.5585	-751.38
10794	21.272	-711.82
10864	52.231	-670.39
10791	45.672	-670.13
10865	75.102	-655.71
10778	30.124	-655.59
10792	15.587	-642.03
10901	55.678	-641.89
10900	134.56	-639.33
10877	50.023	-638.28
10872	9.4222	-637.96
10861	80.965	-627.02
10813	64.862	-626.02
10875	25.353	-625.85
10832	117.89	-624.17
10826	74.709	-624.38
10857	43.364	-611.57
10801	70.961	-610.91
10853	128.37	-611.76
10899	59.808	-610.9
10876	34.871	-596.78
10858	47.158	-599.41
10908	44.234	-595.48
10924	47.803	-595.83
10915	48.938	-584.11
10874	-5.71	-568.38
10849	15.871	-568.71
10888	134.49	-566.9
10869	-1.1272	-567.96
10874	67.401	-553.86
10873	66.263	-539.45
10876	50.534	-522.83
10806	114.63	-464.96
10823	39.426	-462.25
10928	74.196	-461.26
10911	51.664	-447.47
10798	137.43	-431.74
10836	109.5	-401.46
10918	107.61	-385.51
10803	59.943	-369.63
10941	112.67	-369.98
10941	116.22	-355.88
10929	119.72	-353.91
10879	113.25	-354.24
10832	38.122	-354.64
10857	40.928	-294.22
10880	44.685	-251.99
10919	122.65	-213.1
10841	70.615	-814.38
10930	-21.616	-725.75
10808	-12.918	-697.09
10915	66.975	-683.03
10907	25.19	-681.25
10846	115.16	-610.52
10872	34.021	-609.38
10924	24.467	-595.78
10861	27.95	-508.5
10803	59.567	-477.58
10936	45.068	-383.48
10788	-17.22	-868.55
10797	-13.551	-867.33
10833	57.55	-853.66
10845	18.678	-853.74
10820	62.191	-839.5
10849	124.6	-828.22
10808	47.132	-829.96
10797	-2.6368	-747.7
10804	9.2945	-708.76
10806	-1.0978	-695.5
10913	30.302	-679.96
10782	54.511	-679.39
10793	32.849	-666.31
10852	59.922	-653.3
10865	62.956	-652.83
10901	58.122	-652.4
10895	53.891	-639.87
10844	92.508	-638.58
10871	28.736	-636.37
10867	62.473	-622.78
10838	104.79	-623.96
10876	54.508	-622.34
10800	77.38	-622.09
10914	96.27	-621.79
10849	62.351	-608.62
10819	66.01	-611.24
10914	107.47	-608.85
10882	30.95	-607.25
10844	38.719	-607.37
10847	21.894	-578.93
10910	82.297	-564.85
10882	96.705	-564.02
10791	-3.7012	-561.15
10864	65.028	-535.8
10872	58.755	-521.68
10858	22.851	-507.29
10831	45.51	-474.94
10931	71.398	-444.23
10845	-17.202	-424.4
10843	-11.184	-412.74
10834	120.22	-411.16
10832	99.538	-397.11
10789	70.921	-366.13
10788	65.365	-353.97
10898	103.42	-261.7
10873	73.59	-854.97
10870	72.13	-837.01
10847	11.319	-800.31
10902	15.716	-788.92
10787	44.605	-734.46
10799	-21.294	-706.72
10909	66.095	-680.75
10856	108.89	-680.06
10904	20.112	-677.92
10912	25.159	-666.54
10781	43.329	-665.04
10907	133.33	-664.94
10789	11.696	-662.4
10788	21.904	-651.99
10907	50.19	-651.98
10795	19.123	-651.56
10780	79.991	-636.12
10807	82.622	-621.44
10785	86.182	-622.18
10895	53.796	-607.8
10853	115.31	-607.74
10881	41.824	-593.47
10900	52.774	-593.67
10852	134.38	-590.92
10839	13.242	-576.68
10819	-11.027	-576.3
10860	7.6237	-577.64
10917	75.91	-563.03
10886	128.67	-548.54
10866	65.699	-547.91
10888	57.825	-546.38
10799	-1.4599	-535
10889	58.646	-533.81
10783	77.5	-520.24
10891	135.69	-500.66
10809	53.837	-487.92
10913	38.884	-457.22
10911	41.04	-444.13
10790	130.87	-426.07
10846	-22.253	-411.56
10786	72.674	-380.4
10808	74.955	-380.32
10806	61.94	-379.88
10837	37.042	-365.23
10790	78.27	-366.45
10795	64.989	-363.54
10825	-11.125	-350.15
10932	94.948	-349.84
10872	118.55	-319.08
10913	43.317	-274.75
10897	93.048	-260.43
10797	-22.409	-875.49
10857	77.456	-862.72
10836	18.794	-852.89
10829	40.31	-852.6
10873	66.139	-826.66
10915	97.318	-797.28
10896	16.206	-788.14
10919	89.827	-786.1
10910	95.124	-786.78
10912	100.46	-787.86
10902	-10.16	-747.6
10912	-13.733	-747.49
10819	-2.0378	-732.99
10911	70.677	-690.06
10791	56.282	-676.71
10901	50.329	-649.82
10877	68.073	-634.87
10877	6.5347	-633.57
10783	94.361	-633.06
10840	128.14	-633.63
10853	81.202	-632.14
10878	18.198	-621.3
10874	11.313	-620.97
10869	48.91	-621.17
10860	85.864	-619.17
10849	45.629	-605.45
10858	46.543	-605.67
10853	26.778	-604.49
10876	51.658	-606.23
10808	67.881	-607.45
10892	102.23	-605.7
10874	40.743	-592.14
10921	39.108	-590.67
10916	50.282	-591.23
10852	22.622	-590.99
10919	26.061	-590.3
10890	101.04	-592.02
10853	3.1488	-576.78
10827	-21.202	-575.5
10869	-8.7822	-574.58
10879	133.94	-547.18
10873	85.881	-548.14
10787	-13.442	-547.14
10857	74.606	-547.14
10886	129.59	-532.45
10876	49.785	-530.9
10853	27.287	-518.32
10780	87.175	-518.86
10841	70.846	-517.59
10881	44.385	-518.18
10852	126.45	-426
10801	136.67	-395.67
10776	52.207	-393.06
10889	-15.477	-364.45
10803	76.82	-364.65
10865	45.353	-302.59
10867	35.601	-302.7
10917	34.815	-273.02
10891	44.596	-271.19
10882	42.735	-258.08
10894	40.804	-258.93
10829	140.3	-811.09
10835	149.97	-800.21
10911	150.4	-764.52
10779	141.98	-717.09
10876	187.49	-716.48
10779	213.86	-716.59
10920	137.16	-663.96
10908	142.38	-663.54
10909	260.39	-663.53
10849	174.55	-637.6
10890	223.5	-637.29
10859	140.76	-610.23
10843	152.15	-608.41
10940	217.79	-597
10882	245.4	-582.44
10882	186.16	-567.98
10826	167.73	-522.94
10865	152.49	-452.5
10850	160.64	-438.83
10784	151.37	-438.68
10849	244.81	-437.54
10851	168.51	-424.17
10792	145.77	-422.91
10786	148.04	-423.33
10928	224.39	-410.18
10860	179.14	-377.65
10878	233.4	-758.21
10789	201.87	-711.72
10790	219.9	-711.28
10902	256.55	-699.92
10917	207.13	-671.74
10868	244.85	-657.15
10823	238.45	-656.73
10859	160.41	-646.54
10901	253.98	-565.62
10882	190.33	-562.23
10819	157.51	-517.28
10818	203.36	-474.64
10841	173.38	-433.75
10817	178.02	-387.54
10870	184.7	-250.01
10869	150.55	-199.66
10888	177.22	-855.49
10909	191.99	-835.41
10859	146.73	-821.66
10872	232.57	-756.44
10895	134.36	-723.23
10777	206.2	-720.78
10835	236.5	-657.68
10869	160.37	-643.92
10825	226.19	-589.22
10885	202.22	-589
10871	247.21	-576.55
10925	150.06	-573.31
10836	154.07	-516.13
10879	197.1	-503.92
10846	167.88	-445.42
10833	242.2	-431.04
10786	135.48	-415.75
10847	162.23	-416.24
10912	232.55	-415.6
10813	199.74	-327.76
10873	145.99	-803.2
10910	228.52	-629.56
10909	138.67	-617.08
10863	139.23	-602.64
10893	194.77	-587.31
10885	242.68	-575.19
10778	216.73	-542.81
10864	152.31	-445.35
10852	159.34	-415.41
10920	233.15	-415.2
10925	229.49	-401.66
10919	225.32	-400.66
10805	219.48	-368.8
10802	183.33	-298.28
10808	177.51	-286.21
10906	199.64	-833.79
10848	151.61	-818.69
10867	150.57	-803.89
10786	213.75	-719.74
10866	255.25	-695.53
10922	235.42	-681.8
10817	143.22	-668.1
10830	242.21	-655.76
10851	163.53	-654.42
10821	254.1	-653.77
10859	144.85	-642.29
10876	150.95	-641.67
10899	142.58	-627.28
10852	249.54	-600.95
10853	255.56	-602.05
10801	164.29	-598.45
10913	246.24	-572.77
10901	254.38	-572.92
10830	159.93	-514.19
10826	214.1	-471.86
10799	176.5	-457.86
10778	154.58	-428.32
10813	207.4	-338.02
10796	178.76	-296.67
10868	184.59	-255.86
10868	155.17	-817.68
10912	200.32	-802.59
10916	251.82	-777.98
10844	136.33	-763.98
10878	254.72	-742.75
10782	196.94	-718.79
10919	145.97	-665.38
10920	221.14	-626.5
10899	141.76	-616.22
10911	228.68	-614.92
10898	163.46	-613.44
10822	234.62	-599.94
10854	142.51	-600.83
10828	234.4	-599.61
10805	165.51	-586.28
10852	182.64	-527.9
10920	216.47	-382.79
10858	178.74	-369.48
10865	171.08	-367.95
10857	155.46	-220.73
10846	155.04	-845.5
10855	158.36	-816.4
10837	140.55	-800.25
10934	227.38	-779.05
10879	225.56	-761.92
10872	223.15	-753.08
10808	201.21	-705.47
10815	139.44	-678.33
10819	262.75	-653.53
10854	251.99	-612.52
10858	134.93	-611.47
10851	137.58	-585.47
10931	147.21	-569.89
10935	139.14	-570.46
10824	158.85	-511.12
10830	209.62	-469.33
10856	166.45	-440.82
10779	146.06	-440.28
10810	180.03	-380.63
10894	243.36	-583.94
10860	183.65	-526.03
10883	227.93	-750.01
10903	228.62	-727.89
10884	184.44	-715.67
10795	197.65	-715.84
10893	255.33	-702.52
10875	244.11	-650.74
10870	238.5	-650.87
10863	148.75	-648.11
10912	222.3	-623.04
10908	235.13	-623.78
10892	134.19	-623.83
10911	134.53	-623.69
10848	247.8	-609.49
10853	144.13	-609.08
10828	231.28	-608.23
10933	211.86	-595.3
10882	244.79	-567.95
10927	140.34	-567.14
10862	188.85	-551.31
10780	220.8	-536.97
10886	196.15	-508.48
10836	173.09	-436.95
10857	161.42	-423.14
10849	155.04	-421.23
10937	193.52	-318.88
10857	176	-252.42
10833	145.21	-809.6
10935	223.73	-783.9
10931	267.42	-775.35
10921	267.43	-774.13
10842	143.58	-761.98
10916	151.82	-762.64
10821	240.9	-647.84
10885	229.82	-635.46
10912	223.78	-636.66
10844	138.59	-605.5
10798	171.14	-594.83
10887	175.72	-565.23
10788	221.51	-535.69
10823	149.48	-521.03
10819	209.75	-465.05
10855	176.97	-449.9
10778	144.55	-420.29
10916	236.87	-406.8
10865	171.03	-375.68
10853	179.98	-826.13
10870	143.34	-823.1
10848	135.83	-822.74
10917	248.19	-782.83
10904	149.8	-771.89
10876	230.26	-749.54
10850	172.11	-646.99
10827	243.06	-647.94
10851	148.45	-646.84
10869	152.76	-634.62
10806	164.61	-592.69
10864	183.52	-563.99
10909	249.19	-563.52
10816	210.31	-476
10793	176.04	-463.08
10857	164.45	-449.14
10784	141.49	-446.35
10910	230.66	-406.24
10786	137.58	-408.17
10796	137.14	-404.96
10985	297.73	-430.12
11081	304.27	-484.16
11076	310.54	-480.43
10986	297.54	-422.41
10991	320.57	-465.16
10968	309.39	-440.08
10976	297.16	-427.94
10999	322.57	-463.86
11031	201.08	-941.76
11046	186	-930.84
10992	141.92	-909.84
10953	232.05	-896.18
10997	221.05	-886.66
11065	256.24	-862.91
11051	246.95	-853.2
11060	210.42	-851.99
10986	171.34	-828.23
10952	168.59	-805.19
11067	233.95	-804.83
10968	227.82	-794.07
10988	250.64	-781.71
10984	248.73	-769.19
11066	184.89	-754.21
11073	250.4	-745.13
11065	253.26	-744.53
11057	248.77	-731.34
11063	242.85	-716.34
11057	240.46	-705.46
11004	159.88	-704.32
10997	169.67	-703.16
11091	265.97	-692.53
11005	184.39	-691.96
11054	259.54	-680.14
11010	183.13	-680.09
10997	192.35	-677.4
11050	264.1	-668.14
10969	140.88	-630.55
11037	260.83	-617.95
11041	258.39	-593.95
11012	191.09	-581.99
10986	211.66	-522.66
11003	291.38	-499.35
11049	226.46	-472.29
10973	294.21	-457.98
11069	200.85	-446.25
11013	279.53	-446.18
10992	147.6	-432.54
10978	202.87	-418.2
10982	181.51	-379.14
10987	185.35	-366.67
10938	270.25	-318.97
10957	244.39	-296.12
10977	199.07	-287.22
10972	241.17	-287.58
11006	227.73	-279.3
11024	194.08	-250.93
10965	283.02	-231.87
10990	291.06	-224.05
10979	277.5	-206.65
11093	176.64	-960.84
11024	201.03	-946.17
11028	192.79	-937.54
11024	200.7	-927.88
11090	163.99	-926.56
10983	143.37	-905.82
11069	252.44	-858.64
11037	262.17	-857.51
11047	268.86	-849.05
10965	243.13	-825.63
10960	255.24	-825.78
11070	230.35	-811.22
10987	192.31	-801.11
11074	232.71	-800.55
11093	205.73	-788.68
11078	233.71	-788.95
11058	246.39	-788.58
11059	237.01	-778.17
11075	239.21	-777.56
10994	256.36	-765.21
10995	265.2	-764.64
10991	272.06	-764.74
10983	272.27	-762.69
11070	230.67	-726.29
11032	259.95	-715.27
11050	243.1	-712.59
11095	269.21	-699.47
11043	261.9	-675.22
10983	242.89	-662.71
10992	240.58	-661.78
11033	257.48	-602.63
10934	141.35	-587.79
10987	274.88	-575.65
11055	267.94	-521.6
11048	265.52	-520.96
11024	280.86	-520.26
10994	215.47	-510.27
11010	285.65	-494.24
11037	155.86	-481.2
11006	205.06	-483.17
10958	245.77	-480.43
10962	285.87	-464.1
11011	289.23	-454.15
10992	293.21	-453.69
11071	209.6	-441.23
11071	207.29	-429.98
10964	242.55	-412.47
10988	216.93	-400.13
10984	175.54	-373.82
11028	157.08	-373.42
10960	230.24	-283.43
11014	199.21	-246.88
11021	198.82	-232.23
11054	140.06	-997.85
11040	143	-984.71
11093	182.98	-959.87
11053	242.12	-936.75
11022	198.68	-936.4
10984	248.86	-904.61
11045	266.72	-903.29
11067	262.57	-857.82
11021	269.85	-845.99
10981	194.39	-809.14
10957	170.82	-800.77
10969	216.42	-800.29
10971	196.82	-800.13
10977	200.68	-790.03
11069	232.95	-789.04
10984	196.7	-790.54
11012	218.34	-788.05
10994	245.39	-786.98
11063	247.84	-777.82
10999	260.82	-778.03
11008	222.62	-776.41
11005	251.44	-777.15
10982	255.23	-775.09
11010	221.99	-768.1
11072	177.5	-751.24
11072	238.64	-750.6
10979	140.33	-750.89
11076	223.38	-729.36
11058	245.49	-725.3
11063	251.65	-700.7
11084	254.33	-675.84
11082	265.24	-673.69
11087	262.93	-661.08
11020	271	-638.25
11025	273.97	-636.48
10954	187.04	-625.93
11088	266.42	-615.11
11014	287.59	-519.9
10962	283.11	-517.33
11012	290.78	-491.62
10993	295.89	-478.93
11071	210.62	-450.1
10983	147.98	-439.51
10962	183.99	-397.78
11000	219.48	-387.48
10935	290.67	-371.73
11013	188.66	-253.75
10955	149.79	-245.81
10968	278.94	-210.31
11051	155.47	-998.44
11081	162.91	-935.56
11041	249.57	-932.56
11073	154.89	-924.43
11041	250.83	-924.93
11058	261.26	-923.55
11039	193.06	-924.62
11040	185.95	-924.36
11026	210.92	-924.73
11049	208.6	-914.69
11058	259.03	-866.58
11057	235.95	-855.39
11050	210.07	-846.55
10958	245.9	-832.09
10991	163.26	-831.39
10967	203.36	-799.59
11020	220.23	-787.72
10974	226.14	-778.45
10999	240.91	-775.96
10965	145.88	-749.79
11060	191.41	-748.47
11065	231.7	-737.46
11072	240.33	-736.87
10980	262.16	-711.02
11014	151.18	-697.5
11079	264.7	-697.21
10992	171.71	-686.42
11000	188.72	-683.68
11051	264.5	-684.37
11002	190.86	-672.37
11001	180.24	-673.4
11097	269.53	-661.82
11090	260.92	-648.11
10959	181.31	-634.25
10945	186.55	-625.76
11076	259.28	-610.5
11073	263.18	-599.16
11091	276.05	-600.58
11073	261.76	-588.53
10948	160.36	-531.42
10994	233.18	-518.37
10965	272.89	-516.94
10966	283.46	-506.14
11030	162.53	-491.33
11004	205.66	-491.39
11004	288.85	-477.75
10994	289.02	-478.46
11012	283.39	-476.14
11048	229.79	-464.1
10960	230.11	-452.68
10949	273.88	-452.43
10968	190.55	-397.17
10997	218.54	-397.12
10979	181.34	-370.82
10965	239.33	-292.17
10968	231.16	-290.61
10954	246.91	-283.72
11018	209.61	-245.33
11027	209.1	-943.99
11089	152.1	-933.31
11050	253.23	-933.18
11050	236.87	-925.03
11056	248.03	-923.51
11042	200.43	-913.32
11025	207.23	-913.13
11040	241.36	-853.63
10976	178.81	-830.45
10951	177.36	-800.15
10944	176.59	-800.13
11070	242.41	-797.23
11090	213.56	-788.15
10969	227.57	-786.77
10977	226.39	-786.67
10988	274.96	-772.71
11080	228.56	-774.2
11092	212.73	-736.75
11075	223.15	-735.15
11065	255.04	-737.78
11069	232.96	-711.13
11008	155.95	-695.65
11073	267.08	-684.53
11003	158.4	-684.24
11096	269.21	-683.43
11093	258.3	-672.48
11021	269.61	-646.1
10965	144.35	-632.64
11033	266.19	-610.83
11029	239.56	-598.23
11008	192.64	-573.66
10950	231.46	-570.34
11017	279.2	-528.86
11003	209.69	-503.7
11003	283.19	-503.09
11001	292.62	-489.7
10980	296.64	-473.66
11012	289.22	-462.68
10975	209.46	-423.1
11027	174.15	-372.91
10936	261.05	-344.46
10963	207.48	-321.8
10937	264.06	-290.01
11007	235.68	-281.97
10963	230.61	-275.19
11006	226.76	-274.27
10973	190.34	-274.6
10951	158.96	-244.79
11044	238.12	-932.47
11028	198.78	-922.38
10985	174.52	-910.46
11051	263.97	-911.52
11052	247.48	-863.31
11052	257.24	-855.61
11066	211.68	-845.32
11055	241.9	-844.15
10981	181.83	-797.67
10965	233.48	-786.65
10983	189.42	-787.17
11011	210.52	-785.04
11057	239.14	-784.48
11059	212.01	-773.36
11070	245.9	-774.79
10983	251.96	-761.66
11083	238.92	-736.43
11014	263.05	-719.68
11052	232.6	-709.22
11067	248.92	-707.87
10996	167.92	-695.02
11062	254.69	-681.98
11075	256.17	-682.07
10982	135.65	-682.34
11087	260.1	-680.19
10951	192.24	-633.19
11086	272.26	-621.85
10942	208.77	-609.44
11095	273.54	-608.23
11050	261.01	-526.39
10998	214.17	-516.36
10983	214.39	-516.36
11018	283.57	-515.61
11021	280.84	-504.52
11004	259.96	-488.23
10955	280.24	-448.34
10997	296	-448.08
10966	188.06	-404
10990	225.92	-395
11029	164.26	-381.43
11023	207.51	-380.54
10961	235.85	-297.89
11004	230.7	-289.17
10978	183.27	-280.58
10974	188.8	-280.22
10962	146.42	-253
11008	201.51	-251.79
11022	208.55	-250.95
10959	278.11	-215.11
11084	168.05	-965.45
11036	209.92	-932.64
11041	207.79	-919.94
11035	263.28	-910.28
11051	204.76	-852.4
11037	260.62	-843.3
10962	250.95	-829.92
10964	205.13	-806.79
10958	194.33	-797.24
11062	232.97	-795.9
11097	157.12	-795.19
11066	243.72	-784.18
11072	253.64	-783.83
10967	219.45	-783.1
10988	263.15	-759.96
11069	184.64	-746.5
11078	231.92	-745.83
11081	219.44	-744.81
11056	257.02	-719.62
11051	258.09	-708.93
11051	260.19	-692.38
11068	260.29	-656.74
11073	265.15	-644.01
10965	147.73	-621.38
11047	250.96	-609.02
11071	261.01	-607.87
10964	282.21	-540.37
10997	219.17	-527.48
10998	229.89	-526.96
10968	273.02	-501
10959	231.17	-460.11
11003	296.66	-460.49
10971	238.28	-459.66
10969	241.99	-420.81
10996	213.19	-403.04
11031	173.89	-379.94
10982	188.65	-379.43
11025	162.28	-369.97
10936	279.02	-366.67
10936	270.07	-352.02
11063	237.24	-341.11
10959	216.21	-319.68
11025	204.96	-241.83
11011	195.14	-240.64
11013	202.43	-235.88
10986	292	-233.53
10976	278.51	-214.37
10991	289.74	-216.11
11095	171.23	-966.45
11036	259.46	-919.75
11064	253.59	-852.57
10944	168.54	-805.21
10972	142.46	-746.25
11065	268.97	-655.01
11007	288.35	-447.01
11029	199.96	-251.88
11021	190.67	-234.73
11048	144.02	-977.21
11032	193.35	-929.09
11024	213.94	-918.55
11055	253.06	-917.78
11032	254.53	-906.83
11060	253.06	-870.87
11066	244.77	-852.12
11042	251.22	-851.94
11034	267.95	-851.65
11053	233.62	-851.12
11032	257.69	-849.57
11052	256.85	-850.79
11029	271.21	-813.54
11092	160.49	-792.73
10979	192.55	-792.18
11099	213.03	-782.36
11081	242.86	-781.47
10986	258.01	-768.27
11096	217.56	-743.8
11073	176.07	-745.13
10975	260.36	-714.99
11004	165.79	-691.48
11058	242.18	-694.24
11013	177.61	-690.88
11065	260.54	-665.65
11079	261.08	-653.38
11056	267.78	-653.87
11083	266.16	-642.53
11087	263.34	-631.13
10959	180.71	-617.69
11068	268.24	-606.3
11098	267.06	-605.17
11088	273.7	-606.94
10985	207.77	-512.98
11020	278.36	-512.11
11009	276.79	-457.5
10957	274.14	-444.59
10991	229.62	-402.4
10960	241.47	-287.32
10966	212.88	-286.91
10951	230.9	-285.92
10965	240.85	-279.73
11020	190	-257.98
11021	203.73	-257.22
10965	154.29	-249.88
10974	289.7	-238.4
10976	285.45	-231.81
11088	181.62	-962.57
11039	200.7	-939.7
11042	190.12	-936.82
11035	214.31	-917.28
11046	193.28	-918.47
11055	264.86	-917.93
10986	147.89	-915.99
11070	241.9	-861.22
11077	253.08	-853.39
11065	261.45	-852.09
11056	206.59	-839.3
11064	203.74	-840.01
10988	168.97	-835.75
10985	171.88	-816.62
10966	192.95	-792.88
11073	225.21	-793.95
11006	222.34	-791.21
11093	211.32	-781.81
11065	211.51	-779.83
11095	221.32	-781.09
11010	230.52	-780.1
11077	242.27	-770.56
10996	246.16	-768.08
11063	188.01	-741.64
11061	243.29	-741.53
10940	266.33	-730.31
11005	152.28	-679.83
11017	278.42	-640.85
11072	279.23	-630.06
11038	262.29	-604.99
11046	255.8	-603.91
11038	268.51	-604.57
11004	195.9	-591.92
10942	234.59	-577.86
10974	277.07	-510.56
11010	208.69	-496.91
11011	261.67	-484.8
10999	281.58	-483.29
10956	238.83	-468.84
11006	277.24	-467.8
10998	288.3	-455.69
11046	229.62	-457.92
10959	282.74	-455.18
11064	211.12	-443.7
10964	166.32	-401.41
10963	205.43	-286.89
11019	201.08	-248.88
11015	192.73	-238.69
10998	294.45	-230.35
10977	287.76	-224.91
11094	157.73	-962.4
11094	177.67	-952.98
11088	170.54	-952.06
11045	258.09	-926.76
11037	201.98	-927.01
11046	257.84	-916.1
10982	168.93	-904.98
10997	218.23	-892.54
11057	244.87	-860.36
11045	239.26	-858.56
11047	239.9	-841.1
11031	265.36	-838.28
10977	171.72	-825.06
11039	269.09	-812.12
10973	183.86	-801.88
10972	185.3	-792.08
11099	204.83	-789.7
11096	212.58	-790.64
11067	229.65	-779.54
11062	255.69	-780.61
10998	251.64	-778.74
11077	249.57	-780.39
11070	222.72	-740.9
10962	141.63	-743.31
11086	209.4	-739.71
11072	244.61	-729.01
11047	261.38	-701.41
11002	161.21	-679.11
11064	265.42	-675.63
11092	264.67	-675.22
11071	272.29	-650.63
11029	274.88	-640.22
11043	259.02	-615.22
11078	259.33	-604.17
11020	273.26	-521.83
10993	230.37	-512.26
10962	277.86	-509.55
10978	270.65	-509.26
11005	292.19	-508.01
11007	255.16	-495.26
10945	248.17	-482.11
11014	289.24	-481.74
10991	295.41	-466.56
10953	279.37	-465.83
10970	235.75	-453.65
11015	293.11	-442.81
10960	287.42	-443.21
11000	291.7	-441.62
11068	199.54	-430.27
10971	158.54	-401.25
11017	214.95	-386.84
10967	190.49	-388.81
10951	188.22	-337.02
10942	189.4	-336.58
10971	196.7	-285.32
10967	226.21	-285.63
10953	233.41	-277.6
11016	186.33	-245.76
11007	188.21	-245.96
11022	197.44	-239.1
11026	126.75	-995.44
11045	28.933	-982.39
11006	52.258	-947.08
10992	78.095	-947.66
11016	110.63	-834.5
11016	-12.338	-762.98
10998	97.128	-745.7
10956	45.894	-730.06
11059	12.084	-701.48
10937	68.957	-670.52
10990	66.348	-640.92
11019	109.36	-640.22
10976	21.7	-608.85
11075	75.889	-529
10966	62.974	-496.67
10964	-7.7551	-481.91
11092	3.1579	-424.41
11026	39.186	-991.7
10999	68.878	-954.66
10958	60.722	-953.42
10986	83.351	-943.72
10984	38.427	-818.7
10955	47.739	-725.08
11007	125.47	-694.9
10955	43.846	-617.02
10938	1.8831	-551.99
11046	15.667	-1023.6
11059	88.82	-999.81
11098	131.99	-978.67
10978	85.985	-953.37
11064	4.6916	-709.45
11018	31.926	-691.24
10994	46.452	-677.96
10936	67.282	-663.63
10958	34.811	-615.95
10974	19.531	-599.51
10974	9.3946	-599.75
10964	16.007	-599.25
10979	54.079	-505.47
11047	99.115	-489.03
10972	-8.5876	-474.53
10961	-10.304	-474.22
10949	-18.724	-401.9
11026	113.7	-1023.8
10965	59.938	-952.01
11008	43.662	-943.44
11014	59.262	-737.66
10958	-5.3755	-707.21
10975	136.44	-692.4
10951	78.83	-676.51
10984	69.438	-646.55
11049	114	-551.16
11048	103.14	-550.77
11058	4.6229	-503.81
10976	3.9007	-471.93
10939	58.06	-300.97
11032	127.29	-989.41
11023	133.32	-987.05
11002	14.856	-965.6
10963	56.112	-960.63
11008	116.32	-838.03
11002	-2.0129	-751.32
11042	20.069	-675.03
10955	25.695	-660.29
10961	32.072	-660.32
11019	112.04	-579.44
11017	120.91	-579.56
11082	86.024	-532.81
11053	100.86	-486.14
10973	132.92	-427.6
10986	120.9	-972
10968	54.819	-949.35
10967	34.451	-837.03
10971	80.378	-837.23
11018	104.53	-823.72
10985	41.147	-822.99
10956	-23.163	-719.37
10995	21.205	-722.95
11032	44.716	-704.99
11018	38.165	-689.69
11007	122.81	-690.13
11007	34.8	-689.11
11028	49.805	-689.03
10989	26.206	-674.63
11067	-18.725	-658.57
10988	96.8	-642.99
10971	18.138	-612.69
10953	32.212	-613.35
10975	16.499	-593.95
11087	40.293	-579.36
11069	89.264	-532.15
10981	59.843	-500.09
10979	48.54	-499.91
10944	50.101	-399.43
11005	8.6602	-972.32
11002	16.233	-971.79
10980	117.4	-971.39
10977	39.36	-822.41
11005	98.815	-778.49
11008	-6.6026	-749.82
10982	-2.1129	-717.18
10974	0.23176	-717.5
11006	131.84	-688.81
11037	26.783	-688.42
10981	26.309	-673.53
10994	89.091	-642.78
10944	7.7627	-544.85
10965	3.7693	-483.08
10957	96.122	-482.28
10969	136.66	-438.89
11090	-1.0678	-425.15
10939	110.23	-384.34
11017	114.62	-576.39
11017	39.151	-994.6
11039	26.186	-991.39
10945	105.08	-969.45
10991	69.724	-957.98
11000	66.684	-946.35
11074	-18.924	-898.39
11032	42.729	-712.36
10981	89.699	-698.42
11022	114.68	-638.74
10950	30.888	-622.46
11051	101.96	-495.67
11022	46.068	-980.91
11055	21.024	-979.27
10994	-12.179	-956.59
11002	-16.657	-956.63
11004	120.86	-831.56
11010	93.675	-774.96
10977	133.56	-745.41
11007	60.444	-730.01
10973	130.01	-697.66
10974	65.946	-493.97
10963	96.769	-479.59
10942	-20.561	-391.25
10940	109.37	-391.65
10935	58.635	-297.09
11032	115.22	-1026.2
11008	-8.5881	-955.4
11000	57.283	-944.11
10983	136.38	-743.95
10963	-15.861	-711.49
10953	-10.851	-710.59
10988	43.198	-680.79
10957	70.342	-666.86
10962	25.99	-665.72
10952	32.522	-665.11
11092	7.8447	-619.94
11083	38.476	-571.75
11061	15.985	-507.59
10946	41.773	-404.65
11033	-101.87	-917.8
11047	-72.281	-885.49
11054	-73.997	-877.76
11004	-31.295	-667.75
10978	-97.016	-428.72
10938	-33.098	-380.99
10990	-118.1	-872.28
11010	-127.41	-861.26
11017	-31.787	-676.33
11044	-162.87	-524.77
10941	-30.594	-387.85
11033	-173.64	-847.54
11094	-45.378	-660.61
10942	-27.648	-568.31
11085	-79.451	-537.6
11048	-78.276	-879.99
11039	-181.33	-847.88
10965	-67.029	-579.91
10937	-26.006	-566.92
11079	-81.064	-536.5
10948	-171.91	-459.8
11001	-114.07	-869.16
10993	-84.751	-833.51
11012	-66.444	-732.84
11094	-44.36	-672.07
10974	-113.47	-551.73
11056	-156.3	-519.85
10940	-109.41	-488.29
11010	-56.797	-731.69
11020	-39.449	-671.56
11089	-49.196	-671.27
11042	-21.011	-532.67
10984	-88.816	-432.11
11008	-133.91	-864.17
11011	-132.37	-856.27
10984	-79.769	-830.67
10945	-174.25	-760.07
11005	-53.977	-607.63
10971	-64.756	-578.52
10976	-59.75	-576.38
10976	-47.32	-576
10949	-177.71	-469.98
11029	-99.28	-924.04
11009	-61.584	-726.81
11001	-25.985	-680.32
10970	-118.55	-558.46
11053	-172.84	-544.61
10976	-90.593	-427.23
10989	-80.244	-839.34
11062	-19.796	-694.41
11007	-38.902	-680.06
11098	-53.485	-664.11
11050	-154.21	-526.92
11008	-30.07	-679.68
10972	-59.087	-584.67
10975	-53.619	-572.3
10973	-65.301	-571.09
11037	-23.833	-524.58
10996	-179.06	-413.07
11000	-261.64	-702
11054	-245.17	-535.62
11046	-259.27	-392.33
10958	-203.39	-663
10951	-197.27	-661.88
11074	-266.16	-611.5
10953	-268.52	-491.42
11020	-208.97	-490.2
11018	-285.28	-462.46
11060	-271.63	-401.37
10964	-282.1	-388.14
10976	-277.7	-386.23
10963	-265.25	-361.49
10999	-254.37	-706.69
11051	-287.2	-696.86
10969	-189.78	-660.31
10938	-217.76	-542.84
10938	-211.88	-543.49
11011	-284.16	-437.86
11058	-261.34	-412.77
10959	-276.95	-397.33
11073	-275.25	-387.29
11009	-257.82	-706.29
10951	-193.91	-671.81
10964	-188.76	-669.88
10983	-254.03	-593.46
10949	-272.66	-488.73
10958	-279.09	-487.64
11008	-284.24	-449.5
11050	-272.56	-410.42
11038	-262.17	-408.69
11041	-263.52	-396.89
10949	-197.87	-680.56
10948	-187.56	-670.6
10945	-258.3	-486.09
11006	-290.5	-459.09
11061	-265.17	-448.69
11026	-245.6	-446.66
11045	-271.44	-408.83
11054	-249.85	-408.86
10945	-274.29	-370.06
10963	-193.96	-658.12
10963	-276.19	-485.64
10955	-292.43	-420.04
11051	-268.87	-419.35
10944	-181.5	-370.63
11013	-252.65	-712.34
11053	-291.62	-702.93
11083	-261.43	-604.69
10984	-260.71	-589.77
10948	-249.28	-483.92
11051	-263.06	-433.2
11043	-250.34	-417.83
11043	-253.94	-405.25
11050	-257.29	-418.39
10961	-263	-355.6
11009	-274.61	-701.37
10961	-185.74	-664.32
11027	-202.15	-494.09
11074	-278.21	-401.83
10969	-274.07	-391.16
11010	-265.98	-699.06
11037	-290.63	-689.1
11079	-254.86	-611.49
10994	-255.27	-588.01
11051	-251.33	-533.96
10956	-254.14	-480.8
11014	-286.73	-455.55
11015	-276.02	-441.92
11060	-257.61	-427.63
11066	-279.24	-402.81
11051	-263.82	-402.91
11042	-271.65	-401.17
10953	-261.2	-480.4
10957	-284.87	-481.76
11061	-266.59	-441.12
11019	-285.04	-439.6
11030	-249.2	-440
11030	-240.39	-439.25
11061	-253.67	-439.24
11044	-246.16	-402.21
10938	-191.74	-364.51
11137	-242.54	-736.39
11104	-283.57	-652.07
11215	-238.18	-605.39
11211	-316.8	-593.33
11196	-207.05	-590.91
11193	-217.52	-581.12
11203	-209.39	-567.02
11256	-274.69	-522.83
11099	-296.18	-509.25
11165	-216.54	-481.93
11242	-192.32	-467.76
11180	-285.69	-455.99
11115	-276.15	-454.63
11170	-260.25	-455.53
11096	-274.98	-429.94
11123	-238.29	-331.97
11118	-216.93	-324.15
11133	-220.23	-742.41
11094	-283.59	-649.12
11252	-242.8	-626.06
11254	-211.47	-602.06
11256	-216.59	-601.45
11143	-236.74	-532.27
11102	-286.58	-503.05
11175	-256.37	-504.03
11104	-295.33	-492.29
11247	-197.41	-463.21
11097	-276.69	-437.9
11123	-230.79	-337.67
11093	-210.65	-751.33
11180	-284.39	-611.95
11213	-239.91	-601.03
11204	-210.01	-586.9
11100	-307.28	-501.65
11178	-283.97	-450.9
11187	-264.94	-448.96
11095	-286.39	-435.81
11124	-227.05	-739.27
11250	-314.05	-611.04
11199	-218.31	-572.56
11150	-254.35	-572.05
11140	-229.82	-529.92
11103	-290.07	-512.19
11181	-274.12	-459.33
11115	-232.9	-326.66
11121	-211.11	-756.51
11115	-216.25	-748.1
11109	-222.58	-740.52
11108	-235.51	-738.8
11096	-232.56	-738.02
11257	-259.42	-636.11
11117	-217.82	-511.85
11103	-296.14	-499.92
11184	-278.13	-448.21
11096	-280.67	-444.17
11112	-231.01	-334.88
11122	-217.81	-333.83
11111	-211.11	-755.48
11117	-208.24	-748.76
11254	-251.77	-651.8
11243	-248.09	-643.55
11179	-277.19	-619.54
11246	-309.4	-598.08
11202	-244.65	-596.51
11097	-304.33	-510.15
11156	-219.21	-484.35
11178	-272.78	-468.16
11123	-239.25	-342.3
11123	-224.07	-323.56
11100	-209.98	-756.17
11124	-214.59	-747.89
11129	-243.35	-736.64
11251	-278.99	-524.85
11241	-190.11	-458.02
11140	-205.52	-367.26
11245	-236.05	-642.51
11098	-230.48	-743.25
11140	-231.08	-738.56
11123	-244.04	-673.38
11126	-233.56	-674.25
11255	-242.78	-651.13
11252	-251.67	-629.19
11133	-255.61	-578.62
11207	-221.74	-578.18
11119	-244.49	-564.54
11141	-212.88	-362.82
11129	-207.44	-753.15
11100	-221.18	-742.86
11115	-232.27	-736.45
11253	-242.82	-640.81
11245	-307.85	-603.9
11203	-206.98	-578.4
11145	-263.01	-563.6
11126	-245.44	-562.86
11099	-296.41	-517.28
11250	-288.03	-466.77
11120	-279.88	-463.46
11178	-266.05	-452.52
11095	-215.27	-753.57
11127	-237.93	-679.44
11250	-254.74	-647.86
11204	-239.27	-601.61
11096	-284.19	-426.72
11128	-59.179	-677.52
11120	-38.338	-677.76
11188	-173.72	-639.82
11122	-179.82	-604.57
11120	-165.88	-605.33
11129	-160.29	-605.41
11110	-173.29	-604.67
11128	-174.92	-847.71
11174	-176.77	-647.67
11174	-168.53	-632.97
11105	-43.808	-631.66
11117	-172.28	-598.09
11131	-168.83	-860.13
11127	-181.08	-826.29
11134	-49.988	-666.18
11181	-171.9	-630.54
11125	-42.282	-627.97
11113	-90.517	-595.56
11123	-54.649	-684.25
11175	-169.1	-643.49
11109	-45.721	-627.18
11126	-175.91	-596.76
11139	-163.61	-869.4
11113	-56.927	-626.28
11126	-165.15	-594.23
11248	-174.89	-528.39
11176	-176.47	-626.63
11119	-42.772	-626.01
11140	-160.44	-876.59
11127	-43.73	-674.91
11137	-51.622	-675.32
11173	-175.13	-638.23
11103	-42.637	-622.01
11123	-183.91	-834.04
11180	-176.7	-637.53
11133	-171.49	-602.69
11125	-172.64	-873.11
11129	-50.593	-672.91
11247	-174.03	-518.93
11120	100.55	-735.1
11160	129.08	-615.81
11160	125.7	-598.62
11136	73.277	-597.93
11147	118.13	-541.12
11154	137.34	-522.68
11113	100.66	-555.03
11137	109.77	-534.66
11114	92.657	-721.05
11161	124.36	-607.04
11118	11.919	-569.11
11119	97.571	-552.73
11133	116.67	-533.69
11114	105.83	-719.08
11126	86.471	-695.65
11146	84.323	-622.14
11165	124.95	-622.69
11121	-23.103	-936.1
11114	96.68	-716.46
11128	77.882	-694.59
11152	131.45	-508.85
11122	109.53	-741.12
11149	116.92	-547.17
11115	85.634	-711.06
11163	132.35	-618.87
11152	78.519	-617.69
11148	85.579	-616.45
11130	78.547	-600.97
11099	-9.2986	-583.22
11106	-9.4712	-582.68
11121	4.7534	-565.5
11132	46.373	-480.98
11133	56.495	-480.26
11096	10.934	-909.92
11119	11.326	-561.44
11110	-21.538	-937.55
11118	86.138	-704.58
11149	74.829	-614.27
11133	46.296	-475.69
11118	-17.904	-936.96
11108	41.787	-910.07
11110	35.491	-909.4
11114	104.26	-724.09
11138	124.78	-537.52
11096	165.34	-946.42
11093	282.67	-719.17
11100	274.3	-654.52
11133	253.79	-601.78
11137	243.97	-600.18
11107	278.46	-588.31
11109	261.35	-342.68
11111	276.94	-658.9
11105	285.93	-569.32
11095	284.02	-713.34
11102	276.96	-608.98
11152	153.7	-506.31
11109	233.42	-359.53
11099	229.31	-358.65
11092	271.85	-594.62
11157	134.59	-550.69
11108	239.68	-359.22
11096	283.03	-695.52
11113	277.94	-682.32
11100	280.15	-657.52
11097	278.11	-593.26
11130	139.29	-564.96
11121	277.34	-563.98
11147	147.01	-489.12
11109	228.43	-355.39
11108	259.6	-351.69
11098	279.36	-643.15
11102	270.39	-590.76
11118	269.75	-577.78
11128	139.34	-552.24
11123	284.23	-550.65
11148	152.92	-501.14
11094	282.18	-654.43
11143	237.74	-600.94
11128	143.21	-574.49
11104	234.42	-350.1
11115	269.62	-588.04
11099	278.67	-664.93
11100	281.8	-626.23
11098	270.31	-599.36
11110	271.35	-600.32
11129	136.53	-572.3
11124	278.98	-557.58
11152	150.23	-512.97
11120	270.25	-611.21
11154	132.35	-542.64
11157	153.84	-511.34
11152	153.76	-495.77
11147	143.6	-480.83
11108	229.36	-366.59
11100	234.75	-364.74
11106	278.33	-675.03
11094	275.61	-637.03
11094	278.74	-609.56
11143	241.58	-597.92
11127	139.81	-557.94
11146	146.09	-495.24
11272	-193.39	-588.72
11329	-213.97	-555.15
11324	-209.68	-545.09
11327	-240.36	-483.43
11341	-324.8	-700.59
11252	-220.79	-604.88
11270	-190.35	-584.78
11320	-230.46	-479.97
11261	-221.2	-604.51
11330	-319.2	-708.51
11330	-221.33	-550.19
11307	-255.39	-507.48
11332	-235.06	-486.96
11328	-336.09	-703.81
11344	-314.48	-704.05
11323	-216.07	-544.79
11316	-237.97	-482.44
11252	-253.89	-636.61
11269	-199.99	-585.17
11314	-245.06	-510.85
